[FBX_META_DATA]
MeshCount: 1

[MESH_DATA]
VertexCount: 496
IndexCount: 1404
BoneCount: 0
AnimationClips: 1

[VERTEX_DATA]
Position: 0.861022 0.131301 -0.0911638
Normal: 0.84282 -0.53763 0.0246545
UV: 0.490974 0.81708

Position: 0.777683 0.131301 0.222766
Normal: 0.739957 -0.531211 0.412648
UV: 0.410791 0.81708

Position: 0.693908 0.434887 0.163887
Normal: 0.783602 0.45295 0.42521
UV: 0.417941 0.906168

Position: 0.762382 0.434887 -0.0940492
Normal: 0.888887 0.457537 0.0232384
UV: 0.483823 0.906168

Position: 0.568491 0.131301 0.448243
Normal: 0.439859 -0.516808 0.734461
UV: 0.341349 0.82909

Position: 0.522027 0.434887 0.349148
Normal: 0.470238 0.45089 0.758666
UV: 0.360886 0.916036

Position: 0.568491 0.131301 0.448243
Normal: 0.439859 -0.516808 0.734461
UV: 0.550022 0.643324

Position: 0.289497 0.131301 0.524852
Normal: -0.0251735 -0.508737 0.860554
UV: 0.543887 0.723273

Position: 0.292795 0.434887 0.412093
Normal: -0.0175963 0.435428 0.900051
UV: 0.633262 0.722958

Position: 0.522027 0.434887 0.349148
Normal: 0.470238 0.45089 0.758666
UV: 0.638302 0.65727

Position: 0.0154584 0.131301 0.432066
Normal: -0.48204 -0.516808 0.707493
UV: 0.55055 0.793429

Position: 0.067635 0.434887 0.335856
Normal: -0.515739 0.398738 0.758302
UV: 0.638736 0.780602

Position: 0.0154584 0.131301 0.432066
Normal: -0.48204 -0.516808 0.707493
UV: 0.347484 0.282807

Position: -0.180196 0.131301 0.194745
Normal: -0.762813 -0.531211 0.368688
UV: 0.341349 0.362755

Position: -0.0931224 0.434887 0.140864
Normal: -0.840283 0.363114 0.402583
UV: 0.430724 0.362441

Position: 0.067635 0.434887 0.335856
Normal: -0.515739 0.398738 0.758302
UV: 0.435764 0.296752

Position: -0.245042 0.131301 -0.123519
Normal: -0.84282 -0.53763 -0.0246545
UV: 0.348012 0.432912

Position: -0.146402 0.434887 -0.120633
Normal: -0.933469 0.357304 -0.0311303
UV: 0.436198 0.420084

Position: -0.245042 0.131301 -0.123519
Normal: -0.84282 -0.53763 -0.0246545
UV: 0.78315 0.839895

Position: -0.161703 0.131301 -0.437448
Normal: -0.739957 -0.531211 -0.412648
UV: 0.777016 0.919844

Position: -0.0779277 0.434887 -0.37857
Normal: -0.803501 0.387799 -0.451661
UV: 0.86639 0.919529

Position: -0.146402 0.434887 -0.120633
Normal: -0.933469 0.357304 -0.0311303
UV: 0.87143 0.853841

Position: 0.0474895 0.131301 -0.662926
Normal: -0.43986 -0.516808 -0.734461
UV: 0.783678 0.99

Position: 0.093953 0.434887 -0.563831
Normal: -0.459027 0.437359 -0.773312
UV: 0.871864 0.977172

Position: 0.0474895 0.131301 -0.662926
Normal: -0.43986 -0.516808 -0.734461
UV: 0.5902 0.839895

Position: 0.326483 0.131301 -0.739535
Normal: 0.0251728 -0.508737 -0.860554
UV: 0.584066 0.919844

Position: 0.323185 0.434887 -0.626776
Normal: 0.0332184 0.474196 -0.879792
UV: 0.67344 0.919529

Position: 0.093953 0.434887 -0.563831
Normal: -0.459027 0.437359 -0.773312
UV: 0.678481 0.853841

Position: 0.600522 0.131301 -0.646748
Normal: 0.48204 -0.516808 -0.707494
UV: 0.590728 0.99

Position: 0.548345 0.434887 -0.550539
Normal: 0.501572 0.481209 -0.718932
UV: 0.678914 0.977172

Position: 0.600522 0.131301 -0.646748
Normal: 0.48204 -0.516808 -0.707494
UV: 0.697095 0.352728

Position: 0.796177 0.131301 -0.409428
Normal: 0.762813 -0.531211 -0.368688
UV: 0.697095 0.432912

Position: 0.709103 0.434887 -0.355548
Normal: 0.797098 0.469622 -0.379591
UV: 0.786183 0.425761

Position: 0.548345 0.434887 -0.550539
Normal: 0.501572 0.481209 -0.718932
UV: 0.786183 0.359879

Position: 0.796177 0.131301 -0.409428
Normal: 0.762813 -0.531211 -0.368688
UV: 0.560415 0.82909

Position: 0.709103 0.434887 -0.355548
Normal: 0.797098 0.469622 -0.379591
UV: 0.540879 0.916036

Position: 0.545254 0.652424 0.0993053
Normal: 0.768945 0.471924 0.431291
UV: 0.421281 0.977611

Position: 0.593708 0.652424 -0.0832134
Normal: 0.878314 0.477155 0.0298041
UV: 0.4679 0.977611

Position: 0.42363 0.652424 0.230398
Normal: 0.449521 0.468483 0.760562
UV: 0.380908 0.984593

Position: 0.261423 0.652424 0.274939
Normal: -0.0399707 0.44696 0.893661
UV: 0.701517 0.729131

Position: 0.42363 0.652424 0.230398
Normal: 0.449521 0.468483 0.760562
UV: 0.705083 0.682649

Position: 0.102097 0.652424 0.220992
Normal: -0.528904 0.40388 0.746419
UV: 0.70539 0.76992

Position: -0.0116572 0.652424 0.0830142
Normal: -0.84102 0.367209 0.397293
UV: 0.496902 0.362144

Position: 0.102097 0.652424 0.220992
Normal: -0.528904 0.40388 0.746419
UV: 0.500468 0.315662

Position: -0.0493585 0.652424 -0.102025
Normal: -0.932186 0.361297 -0.0222098
UV: 0.500775 0.402933

Position: -0.00090526 0.652424 -0.284543
Normal: -0.811886 0.391512 -0.433082
UV: 0.933725 0.908725

Position: -0.0493585 0.652424 -0.102025
Normal: -0.932186 0.361297 -0.0222098
UV: 0.937291 0.862243

Position: 0.120719 0.652424 -0.415636
Normal: -0.478129 0.446868 -0.75611
UV: 0.937598 0.949514

Position: 0.282926 0.652424 -0.460177
Normal: 0.0128299 0.495035 -0.868778
UV: 0.744009 0.904688

Position: 0.120719 0.652424 -0.415636
Normal: -0.478129 0.446868 -0.75611
UV: 0.747575 0.858206

Position: 0.442253 0.652424 -0.406231
Normal: 0.486172 0.506438 -0.71215
UV: 0.747882 0.945477

Position: 0.556006 0.652424 -0.268253
Normal: 0.786303 0.491951 -0.373781
UV: 0.857975 0.411857

Position: 0.442253 0.652424 -0.406231
Normal: 0.486172 0.506438 -0.71215
UV: 0.857975 0.365238

Position: 0.556006 0.652424 -0.268253
Normal: 0.786303 0.491951 -0.373781
UV: 0.508273 0.984593

Position: 0.600522 0.131301 -0.646748
Normal: 0.48204 -0.516808 -0.707494
UV: 0.309815 0.879113

Position: 0.326483 0.131301 -0.739535
Normal: 0.0251728 -0.508737 -0.860554
UV: 0.309242 0.798931

Position: 0.0474895 0.131301 -0.662926
Normal: -0.43986 -0.516808 -0.734461
UV: 0.268654 0.729779

Position: -0.161703 0.131301 -0.437448
Normal: -0.739957 -0.531211 -0.412648
UV: 0.198928 0.690185

Position: -0.245042 0.131301 -0.123519
Normal: -0.84282 -0.53763 -0.0246545
UV: 0.118747 0.690758

Position: -0.180196 0.131301 0.194745
Normal: -0.762813 -0.531211 0.368688
UV: 0.0495942 0.731346

Position: 0.0154584 0.131301 0.432066
Normal: -0.48204 -0.516808 0.707493
UV: 0.01 0.801072

Position: 0.289497 0.131301 0.524852
Normal: -0.0251735 -0.508737 0.860554
UV: 0.0105734 0.881253

Position: 0.568491 0.131301 0.448243
Normal: 0.439859 -0.516808 0.734461
UV: 0.0511609 0.950406

Position: 0.777683 0.131301 0.222766
Normal: 0.739957 -0.531211 0.412648
UV: 0.120887 0.99

Position: 0.861022 0.131301 -0.0911638
Normal: 0.84282 -0.53763 0.0246545
UV: 0.201069 0.989427

Position: 0.796177 0.131301 -0.409428
Normal: 0.762813 -0.531211 -0.368688
UV: 0.270221 0.948839

Position: 0.484688 0.519737 0.0567382
Normal: 0 1 0
UV: 0.647646 0.414288

Position: 0.390038 0.519737 0.158756
Normal: 0 1 0
UV: 0.665561 0.382741

Position: 0.263807 0.519737 0.193418
Normal: 0 1 0
UV: 0.665301 0.346463

Position: 0.139818 0.519737 0.151436
Normal: 0 1 0
UV: 0.646937 0.315174

Position: 0.0512942 0.519737 0.0440603
Normal: 0 1 0
UV: 0.61539 0.29726

Position: 0.0219547 0.519737 -0.0999386
Normal: 0 1 0
UV: 0.579112 0.29752

Position: 0.0596615 0.519737 -0.241976
Normal: 0 1 0
UV: 0.547823 0.315883

Position: 0.154311 0.519737 -0.343994
Normal: 0 1 0
UV: 0.529909 0.347431

Position: 0.280542 0.519737 -0.378656
Normal: 0 1 0
UV: 0.530168 0.383709

Position: 0.404531 0.519737 -0.336674
Normal: 0 1 0
UV: 0.548532 0.414997

Position: 0.493055 0.519737 -0.229299
Normal: 0 1 0
UV: 0.58008 0.432912

Position: 0.522394 0.519737 -0.0852995
Normal: 0 1 0
UV: 0.616358 0.432652

Position: 0.196886 0.131301 0.267473
Normal: 0.805902 -0.534142 -0.255372
UV: 0.666933 0.456562

Position: 0.207967 0.131301 0.513165
Normal: 0.825617 -0.534142 0.181792
UV: 0.606863 0.456562

Position: 0.125206 0.397552 0.494942
Normal: 0.896255 0.391572 0.208322
UV: 0.610732 0.531107

Position: 0.116101 0.397552 0.293072
Normal: 0.892486 0.358505 -0.273756
UV: 0.660087 0.531107

Position: 0.0947171 0.131301 0.731481
Normal: 0.62411 -0.534142 0.570245
UV: 0.552605 0.456562

Position: 0.0321552 0.397552 0.674319
Normal: 0.661787 0.424844 0.617694
UV: 0.566151 0.531107

Position: 0.0947171 0.131301 0.731481
Normal: 0.62411 -0.534142 0.570245
UV: 0.197605 0.0668071

Position: -0.112518 0.131301 0.863923
Normal: 0.255372 -0.534142 0.805901
UV: 0.140693 0.0668071

Position: -0.138117 0.397552 0.783138
Normal: 0.26363 0.449961 0.853249
UV: 0.132867 0.141351

Position: 0.0321552 0.397552 0.674319
Normal: 0.661787 0.424844 0.617694
UV: 0.179629 0.141351

Position: -0.35821 0.131301 0.875004
Normal: -0.181792 -0.534142 0.825617
UV: 0.0720246 0.0668071

Position: -0.339987 0.397552 0.792242
Normal: -0.192792 0.463135 0.865065
UV: 0.0764469 0.141351

Position: -0.576526 0.131301 0.761754
Normal: -0.570245 -0.534142 0.62411
UV: 0.01 0.0668071

Position: -0.519364 0.397552 0.699192
Normal: -0.596175 0.463254 0.655722
UV: 0.0254852 0.141351

Position: -0.576526 0.131301 0.761754
Normal: -0.570245 -0.534142 0.62411
UV: 0.898638 0.6591

Position: -0.708968 0.131301 0.554518
Normal: -0.805901 -0.534142 0.255372
UV: 0.848852 0.6591

Position: -0.628183 0.397552 0.528919
Normal: -0.849218 0.450311 0.275771
UV: 0.842006 0.733645

Position: -0.519364 0.397552 0.699192
Normal: -0.596175 0.463254 0.655722
UV: 0.882912 0.733645

Position: -0.720048 0.131301 0.308826
Normal: -0.825617 -0.534142 -0.181792
UV: 0.788782 0.6591

Position: -0.637287 0.397552 0.32705
Normal: -0.885849 0.425387 -0.185252
UV: 0.792651 0.733645

Position: -0.606799 0.131301 0.0905107
Normal: -0.62411 -0.534142 -0.570245
UV: 0.734524 0.6591

Position: -0.544237 0.397552 0.147673
Normal: -0.686286 0.392204 -0.612526
UV: 0.74807 0.733645

Position: -0.606799 0.131301 0.0905107
Normal: -0.62411 -0.534142 -0.570245
UV: 0.528954 0.456562

Position: -0.399563 0.131301 -0.0419315
Normal: -0.255373 -0.534142 -0.805901
UV: 0.472042 0.456562

Position: -0.373964 0.397552 0.0388536
Normal: -0.290214 0.359032 -0.887058
UV: 0.464217 0.531107

Position: -0.544237 0.397552 0.147673
Normal: -0.686286 0.392204 -0.612526
UV: 0.510978 0.531107

Position: -0.153872 0.131301 -0.0530121
Normal: 0.181792 -0.534142 -0.825617
UV: 0.403374 0.456562

Position: -0.172095 0.397552 0.0297493
Normal: 0.199066 0.337693 -0.919965
UV: 0.407796 0.531107

Position: 0.0644442 0.131301 0.0602377
Normal: 0.570245 -0.534142 -0.62411
UV: 0.341349 0.456562

Position: 0.00728188 0.397552 0.1228
Normal: 0.63739 0.337485 -0.692703
UV: 0.356835 0.531107

Position: 0.0644442 0.131301 0.0602377
Normal: 0.570245 -0.534142 -0.62411
UV: 0.716719 0.456562

Position: 0.00728188 0.397552 0.1228
Normal: 0.63739 0.337485 -0.692703
UV: 0.700993 0.531107

Position: 0.0321711 0.584937 0.435262
Normal: 0.885965 0.42774 0.179178
UV: 0.624676 0.58357

Position: 0.0257289 0.584937 0.292416
Normal: 0.873358 0.391863 -0.289291
UV: 0.659601 0.58357

Position: -0.0336725 0.584937 0.56219
Normal: 0.662548 0.466946 0.585655
UV: 0.59313 0.58357

Position: -0.154159 0.584937 0.639192
Normal: 0.271407 0.498577 0.823261
UV: 0.127199 0.193815

Position: -0.0336725 0.584937 0.56219
Normal: 0.662548 0.466946 0.585655
UV: 0.160288 0.193815

Position: -0.297005 0.584937 0.645635
Normal: -0.180719 0.515825 0.837416
UV: 0.0872757 0.193815

Position: -0.423933 0.584937 0.579791
Normal: -0.580352 0.515983 0.630042
UV: 0.0512146 0.193815

Position: -0.519364 0.397552 0.699192
Normal: -0.596175 0.463254 0.655722
UV: 0.379631 0.166026

Position: -0.628183 0.397552 0.528919
Normal: -0.849218 0.450311 0.275771
UV: 0.379631 0.217868

Position: -0.500935 0.584937 0.459304
Normal: -0.82905 0.499028 0.252283
UV: 0.444812 0.210508

Position: -0.423933 0.584937 0.579791
Normal: -0.580352 0.515983 0.630042
UV: 0.444812 0.173824

Position: -0.507377 0.584937 0.316459
Normal: -0.860021 0.467613 -0.204211
UV: 0.789128 0.786108

Position: -0.500935 0.584937 0.459304
Normal: -0.82905 0.499028 0.252283
UV: 0.824052 0.786108

Position: -0.441534 0.584937 0.18953
Normal: -0.656464 0.428454 -0.620872
UV: 0.757582 0.786108

Position: -0.321047 0.584937 0.112528
Normal: -0.266324 0.39241 -0.88039
UV: 0.448804 0.58357

Position: -0.441534 0.584937 0.18953
Normal: -0.656464 0.428454 -0.620872
UV: 0.481893 0.58357

Position: -0.178202 0.584937 0.106086
Normal: 0.204202 0.370817 -0.905978
UV: 0.408881 0.58357

Position: -0.0512731 0.584937 0.171929
Normal: 0.623205 0.370614 -0.688666
UV: 0.37282 0.58357

Position: -0.0512731 0.584937 0.171929
Normal: 0.623205 0.370614 -0.688666
UV: 0.688546 0.58357

Position: -0.153872 0.131301 -0.0530121
Normal: 0.181792 -0.534142 -0.825617
UV: 0.172119 0.433665

Position: -0.399563 0.131301 -0.0419315
Normal: -0.255373 -0.534142 -0.805901
UV: 0.103309 0.43287

Position: -0.606799 0.131301 0.0905107
Normal: -0.62411 -0.534142 -0.570245
UV: 0.04397 0.462325

Position: -0.720048 0.131301 0.308826
Normal: -0.825617 -0.534142 -0.181792
UV: 0.01 0.514136

Position: -0.708968 0.131301 0.554518
Normal: -0.805901 -0.534142 0.255372
UV: 0.0105018 0.574421

Position: -0.576526 0.131301 0.761754
Normal: -0.570245 -0.534142 0.62411
UV: 0.0453409 0.627026

Position: -0.35821 0.131301 0.875004
Normal: -0.181792 -0.534142 0.825617
UV: 0.105182 0.657856

Position: -0.112518 0.131301 0.863923
Normal: 0.255372 -0.534142 0.805901
UV: 0.173991 0.658651

Position: 0.0947171 0.131301 0.731481
Normal: 0.62411 -0.534142 0.570245
UV: 0.233331 0.629196

Position: 0.207967 0.131301 0.513165
Normal: 0.825617 -0.534142 0.181792
UV: 0.267301 0.577385

Position: 0.196886 0.131301 0.267473
Normal: 0.805902 -0.534142 -0.255372
UV: 0.266799 0.5171

Position: 0.0644442 0.131301 0.0602377
Normal: 0.570245 -0.534142 -0.62411
UV: 0.23196 0.464495

Position: -0.0631605 0.473189 0.409125
Normal: 0 1 0
UV: 0.341349 0.0702443

Position: -0.101379 0.473189 0.4828
Normal: 0 1 0
UV: 0.352152 0.088145

Position: -0.179735 0.473189 0.532876
Normal: 0 1 0
UV: 0.374157 0.100112

Position: -0.277771 0.473189 0.537298
Normal: 0 1 0
UV: 0.401606 0.100821

Position: -0.362282 0.473189 0.493458
Normal: 0 1 0
UV: 0.4252 0.0897603

Position: -0.408504 0.473189 0.421134
Normal: 0 1 0
UV: 0.438036 0.0718683

Position: -0.412046 0.473189 0.342596
Normal: 0 1 0
UV: 0.438916 0.0526171

Position: -0.373827 0.473189 0.268921
Normal: 0 1 0
UV: 0.428114 0.0347163

Position: -0.295471 0.473189 0.218844
Normal: 0 1 0
UV: 0.406109 0.0227491

Position: -0.197436 0.473189 0.214423
Normal: 0 1 0
UV: 0.37866 0.0220402

Position: -0.112924 0.473189 0.258262
Normal: 0 1 0
UV: 0.355066 0.033101

Position: -0.0667025 0.473189 0.330587
Normal: 0 1 0
UV: 0.34223 0.0509931

Position: 0.587604 0.671309 -0.083392
Normal: 0.638981 0.768995 0.0186917
UV: 0.450328 0.793102

Position: 0.540071 0.671309 0.0956621
Normal: 0.560905 0.769667 0.304958
UV: 0.48977 0.769952

Position: 0.520911 0.671309 0.0821965
Normal: -0.466532 0.845484 -0.259816
UV: 0.48527 0.765517

Position: 0.565045 0.671309 -0.0840519
Normal: -0.541237 0.840721 -0.0158326
UV: 0.448649 0.78701

Position: 0.420755 0.671309 0.224266
Normal: 0.334028 0.771128 0.54202
UV: 0.512353 0.730183

Position: 0.410128 0.671309 0.201603
Normal: -0.265751 0.856186 -0.443083
UV: 0.506238 0.728592

Position: 0.261627 0.671309 0.267961
Normal: -0.0185884 0.77193 0.635435
UV: 0.512026 0.684451

Position: 0.262381 0.671309 0.242173
Normal: 0.0148121 0.862201 -0.50635
UV: 0.505935 0.68613

Position: 0.105325 0.671309 0.215039
Normal: -0.365141 0.771128 0.521568
UV: 0.488877 0.645008

Position: 0.117258 0.671309 0.193036
Normal: 0.291198 0.856186 -0.426791
UV: 0.484441 0.649508

Position: -0.00626934 0.671309 0.0796803
Normal: -0.577772 0.769667 0.271648
UV: 0.449107 0.622425

Position: 0.0136445 0.671309 0.0673577
Normal: 0.480922 0.845484 -0.232101
UV: 0.447516 0.62854

Position: -0.0432549 0.671309 -0.101846
Normal: -0.638981 0.768995 -0.0186921
UV: 0.403375 0.622752

Position: -0.0206959 0.671309 -0.101186
Normal: 0.541237 0.840721 0.0158323
UV: 0.405054 0.628844

Position: 0.00427849 0.671309 -0.2809
Normal: -0.560904 0.769667 -0.304957
UV: 0.363933 0.645902

Position: 0.023438 0.671309 -0.267435
Normal: 0.466533 0.845484 0.259816
UV: 0.368432 0.650338

Position: 0.123595 0.671309 -0.409504
Normal: -0.334029 0.771127 -0.542022
UV: 0.341349 0.685671

Position: 0.134221 0.671309 -0.386841
Normal: 0.265752 0.856186 0.443083
UV: 0.347464 0.687263

Position: 0.282722 0.671309 -0.4532
Normal: 0.0185874 0.77193 -0.635436
UV: 0.341677 0.731404

Position: 0.281968 0.671309 -0.427411
Normal: -0.0148119 0.862201 0.50635
UV: 0.347768 0.729725

Position: 0.439024 0.671309 -0.400277
Normal: 0.365141 0.771127 -0.521569
UV: 0.364826 0.770846

Position: 0.427091 0.671309 -0.378274
Normal: -0.291197 0.856186 0.426791
UV: 0.369262 0.766346

Position: 0.550618 0.671309 -0.264919
Normal: 0.57777 0.769668 -0.271648
UV: 0.404595 0.793429

Position: 0.530705 0.671309 -0.252596
Normal: -0.480922 0.845484 0.232101
UV: 0.406187 0.787314

Position: 0.0159176 0.611086 0.295525
Normal: 0.591469 0.784243 -0.187423
UV: 0.342891 0.177045

Position: 0.0221198 0.611086 0.433048
Normal: 0.605939 0.784243 0.133422
UV: 0.341349 0.210755

Position: 0.00041803 0.611086 0.427098
Normal: -0.74377 0.648006 -0.163993
UV: 0.347416 0.209215

Position: -0.00512391 0.611086 0.304214
Normal: -0.725855 0.648116 0.230391
UV: 0.348793 0.179093

Position: -0.0412705 0.611086 0.555248
Normal: 0.458048 0.784242 0.418516
UV: 0.359267 0.240446

Position: -0.0566836 0.611086 0.537175
Normal: -0.561537 0.648577 -0.513832
UV: 0.363556 0.23596

Position: -0.157268 0.611086 0.629381
Normal: 0.187424 0.784242 0.59147
UV: 0.391843 0.258162

Position: -0.16309 0.611086 0.605179
Normal: -0.229435 0.649233 -0.725159
UV: 0.393438 0.252211

Position: -0.294791 0.611086 0.635583
Normal: -0.133422 0.784241 0.605941
UV: 0.430348 0.259156

Position: -0.290413 0.611086 0.610921
Normal: 0.163346 0.649336 -0.742752
UV: 0.429087 0.253132

Position: -0.416991 0.611086 0.572193
Normal: -0.418516 0.784242 0.458048
UV: 0.464464 0.243163

Position: -0.402957 0.611086 0.55254
Normal: 0.51289 0.64879 -0.562152
UV: 0.460508 0.238402

Position: -0.491124 0.611086 0.456195
Normal: -0.591471 0.784241 0.187424
UV: 0.485051 0.214466

Position: -0.470082 0.611086 0.447506
Normal: 0.725854 0.648117 -0.230391
UV: 0.479149 0.212418

Position: -0.497326 0.611086 0.318672
Normal: -0.605938 0.784243 -0.13342
UV: 0.486593 0.180757

Position: -0.475624 0.611086 0.324622
Normal: 0.743769 0.648008 0.163992
UV: 0.480526 0.182297

Position: -0.433936 0.611086 0.196472
Normal: -0.458049 0.784242 -0.418516
UV: 0.468675 0.151066

Position: -0.418523 0.611086 0.214545
Normal: 0.561537 0.648578 0.513831
UV: 0.464386 0.155552

Position: -0.317938 0.611086 0.122339
Normal: -0.187424 0.784242 -0.591469
UV: 0.436099 0.13335

Position: -0.312116 0.611086 0.146542
Normal: 0.229436 0.649232 0.72516
UV: 0.434504 0.1393

Position: -0.180415 0.611086 0.116137
Normal: 0.133421 0.784243 -0.605939
UV: 0.397595 0.132355

Position: -0.184794 0.611086 0.1408
Normal: -0.163346 0.649334 0.742754
UV: 0.398855 0.13838

Position: -0.0582155 0.611086 0.179527
Normal: 0.418515 0.784243 -0.458048
UV: 0.363478 0.148349

Position: -0.0722499 0.611086 0.199181
Normal: -0.51289 0.648789 0.562154
UV: 0.367434 0.153109

Position: 0.540071 0.671309 0.0956621
Normal: 0.560905 0.769667 0.304958
UV: 0.421723 0.98315

Position: 0.587604 0.671309 -0.083392
Normal: 0.638981 0.768995 0.0186917
UV: 0.467457 0.98315

Position: 0.420755 0.671309 0.224266
Normal: 0.334028 0.771128 0.54202
UV: 0.382117 0.99

Position: 0.261627 0.671309 0.267961
Normal: -0.0185884 0.77193 0.635435
UV: 0.707074 0.729114

Position: 0.420755 0.671309 0.224266
Normal: 0.334028 0.771128 0.54202
UV: 0.710572 0.683514

Position: 0.105325 0.671309 0.215039
Normal: -0.365141 0.771128 0.521568
UV: 0.710874 0.769129

Position: -0.00626934 0.671309 0.0796803
Normal: -0.577772 0.769667 0.271648
UV: 0.502459 0.362126

Position: 0.105325 0.671309 0.215039
Normal: -0.365141 0.771128 0.521568
UV: 0.505957 0.316527

Position: -0.0432549 0.671309 -0.101846
Normal: -0.638981 0.768995 -0.0186921
UV: 0.506258 0.402141

Position: 0.00427849 0.671309 -0.2809
Normal: -0.560904 0.769667 -0.304957
UV: 0.939281 0.908708

Position: -0.0432549 0.671309 -0.101846
Normal: -0.638981 0.768995 -0.0186921
UV: 0.94278 0.863108

Position: 0.123595 0.671309 -0.409504
Normal: -0.334029 0.771127 -0.542022
UV: 0.943081 0.948723

Position: 0.282722 0.671309 -0.4532
Normal: 0.0185874 0.77193 -0.635436
UV: 0.749565 0.904671

Position: 0.123595 0.671309 -0.409504
Normal: -0.334029 0.771127 -0.542022
UV: 0.753064 0.859071

Position: 0.439024 0.671309 -0.400277
Normal: 0.365141 0.771127 -0.521569
UV: 0.753365 0.944686

Position: 0.550618 0.671309 -0.264919
Normal: 0.57777 0.769668 -0.271648
UV: 0.863514 0.411415

Position: 0.439024 0.671309 -0.400277
Normal: 0.365141 0.771127 -0.521569
UV: 0.863514 0.365681

Position: 0.550618 0.671309 -0.264919
Normal: 0.57777 0.769668 -0.271648
UV: 0.507064 0.99

Position: 0.484688 0.519737 0.0567382
Normal: -0.843401 0.278712 -0.45934
UV: 0.919489 0.277216

Position: 0.522394 0.519737 -0.0852995
Normal: -0.962174 0.270977 -0.0281462
UV: 0.88321 0.277216

Position: 0.565045 0.671309 -0.0840519
Normal: -0.541237 0.840721 -0.0158326
UV: 0.880118 0.321194

Position: 0.520911 0.671309 0.0821965
Normal: -0.466532 0.845484 -0.259816
UV: 0.922581 0.321194

Position: 0.493055 0.519737 -0.229299
Normal: -0.868809 0.278713 0.409255
UV: 0.851791 0.272457

Position: 0.530705 0.671309 -0.252596
Normal: -0.480922 0.845484 0.232101
UV: 0.843344 0.315623

Position: 0.493055 0.519737 -0.229299
Normal: -0.868809 0.278713 0.409255
UV: 0.96963 0.387424

Position: 0.404531 0.519737 -0.336674
Normal: -0.547072 0.296297 0.782892
UV: 0.933378 0.388847

Position: 0.427091 0.671309 -0.378274
Normal: -0.291197 0.856186 0.426791
UV: 0.932013 0.432912

Position: 0.530705 0.671309 -0.252596
Normal: -0.480922 0.845484 0.232101
UV: 0.974443 0.431247

Position: 0.280542 0.519737 -0.378656
Normal: -0.027834 0.306333 0.951517
UV: 0.901797 0.385323

Position: 0.281968 0.671309 -0.427411
Normal: -0.0148119 0.862201 0.50635
UV: 0.895049 0.428787

Position: 0.280542 0.519737 -0.378656
Normal: -0.027834 0.306333 0.951517
UV: 0.911712 0.0894491

Position: 0.154311 0.519737 -0.343994
Normal: 0.500374 0.296297 0.813532
UV: 0.87546 0.0908714

Position: 0.134221 0.671309 -0.386841
Normal: 0.265752 0.856186 0.443083
UV: 0.874095 0.134936

Position: 0.281968 0.671309 -0.427411
Normal: -0.0148119 0.862201 0.50635
UV: 0.916525 0.133272

Position: 0.0596615 0.519737 -0.241976
Normal: 0.843401 0.278712 0.45934
UV: 0.843879 0.0873471

Position: 0.023438 0.671309 -0.267435
Normal: 0.466533 0.845484 0.259816
UV: 0.837131 0.130812

Position: 0.0596615 0.519737 -0.241976
Normal: 0.843401 0.278712 0.45934
UV: 0.295837 0.155649

Position: 0.0219547 0.519737 -0.0999386
Normal: 0.962174 0.270977 0.0281462
UV: 0.259585 0.157071

Position: -0.0206959 0.671309 -0.101186
Normal: 0.541237 0.840721 0.0158323
UV: 0.25822 0.201136

Position: 0.023438 0.671309 -0.267435
Normal: 0.466533 0.845484 0.259816
UV: 0.30065 0.199471

Position: 0.0512942 0.519737 0.0440603
Normal: 0.86881 0.278712 -0.409254
UV: 0.228004 0.153547

Position: 0.0136445 0.671309 0.0673577
Normal: 0.480922 0.845484 -0.232101
UV: 0.221256 0.197011

Position: 0.0512942 0.519737 0.0440603
Normal: 0.86881 0.278712 -0.409254
UV: 0.978748 0.545404

Position: 0.139818 0.519737 0.151436
Normal: 0.547073 0.296297 -0.782892
UV: 0.942497 0.546826

Position: 0.117258 0.671309 0.193036
Normal: 0.291198 0.856186 -0.426791
UV: 0.941132 0.590891

Position: 0.0136445 0.671309 0.0673577
Normal: 0.480922 0.845484 -0.232101
UV: 0.983562 0.589227

Position: 0.263807 0.519737 0.193418
Normal: 0.0278344 0.306333 -0.951517
UV: 0.910916 0.543302

Position: 0.262381 0.671309 0.242173
Normal: 0.0148121 0.862201 -0.50635
UV: 0.904167 0.586766

Position: 0.263807 0.519737 0.193418
Normal: 0.0278344 0.306333 -0.951517
UV: 0.221256 0.0203829

Position: 0.390038 0.519737 0.158756
Normal: -0.500373 0.296297 -0.813532
UV: 0.221256 0.0566621

Position: 0.410128 0.671309 0.201603
Normal: -0.265751 0.856186 -0.443083
UV: 0.265233 0.0597541

Position: 0.262381 0.671309 0.242173
Normal: 0.0148121 0.862201 -0.50635
UV: 0.265233 0.017291

Position: 0.390038 0.519737 0.158756
Normal: -0.500373 0.296297 -0.813532
UV: 0.950908 0.272457

Position: 0.410128 0.671309 0.201603
Normal: -0.265751 0.856186 -0.443083
UV: 0.959355 0.315623

Position: 0.0221198 0.611086 0.433048
Normal: 0.605939 0.784243 0.133422
UV: 0.625146 0.590891

Position: 0.0159176 0.611086 0.295525
Normal: 0.591469 0.784243 -0.187423
UV: 0.658769 0.590891

Position: -0.0412705 0.611086 0.555248
Normal: 0.458048 0.784242 0.418516
UV: 0.594776 0.590891

Position: -0.157268 0.611086 0.629381
Normal: 0.187424 0.784242 0.59147
UV: 0.126249 0.201136

Position: -0.0412705 0.611086 0.555248
Normal: 0.458048 0.784242 0.418516
UV: 0.158105 0.201136

Position: -0.294791 0.611086 0.635583
Normal: -0.133422 0.784241 0.605941
UV: 0.0878128 0.201136

Position: -0.416991 0.611086 0.572193
Normal: -0.418516 0.784242 0.458048
UV: 0.0530953 0.201136

Position: -0.423933 0.584937 0.579791
Normal: -0.580352 0.515983 0.630042
UV: 0.852998 0.786108

Position: -0.491124 0.611086 0.456195
Normal: -0.591471 0.784241 0.187424
UV: 0.823221 0.793429

Position: -0.416991 0.611086 0.572193
Normal: -0.418516 0.784242 0.458048
UV: 0.851088 0.793429

Position: -0.497326 0.611086 0.318672
Normal: -0.605938 0.784243 -0.13342
UV: 0.789597 0.793429

Position: -0.433936 0.611086 0.196472
Normal: -0.458049 0.784242 -0.418516
UV: 0.759227 0.793429

Position: -0.317938 0.611086 0.122339
Normal: -0.187424 0.784242 -0.591469
UV: 0.447854 0.590891

Position: -0.433936 0.611086 0.196472
Normal: -0.458049 0.784242 -0.418516
UV: 0.47971 0.590891

Position: -0.180415 0.611086 0.116137
Normal: 0.133421 0.784243 -0.605939
UV: 0.409418 0.590891

Position: -0.0582155 0.611086 0.179527
Normal: 0.418515 0.784243 -0.458048
UV: 0.3747 0.590891

Position: -0.0582155 0.611086 0.179527
Normal: 0.418515 0.784243 -0.458048
UV: 0.686636 0.590891

Position: 0.00962947 0.584937 0.429081
Normal: -0.969717 0.115263 -0.215323
UV: 0.278672 0.114692

Position: 0.00387304 0.584937 0.301442
Normal: -0.945794 0.117439 0.302789
UV: 0.247465 0.114692

Position: -0.00512391 0.611086 0.304214
Normal: -0.725855 0.648116 0.230391
UV: 0.248208 0.122013

Position: 0.00041803 0.611086 0.427098
Normal: -0.74377 0.648006 -0.163993
UV: 0.278253 0.122013

Position: -0.0658508 0.584937 0.192343
Normal: -0.665648 0.130207 0.734819
UV: 0.221256 0.114692

Position: -0.0722499 0.611086 0.199181
Normal: -0.51289 0.648789 0.562154
UV: 0.222975 0.122013

Position: -0.0658508 0.584937 0.192343
Normal: -0.665648 0.130207 0.734819
UV: 0.937658 0.189874

Position: -0.18275 0.584937 0.131703
Normal: -0.211496 0.1399 0.967315
UV: 0.904446 0.189874

Position: -0.184794 0.611086 0.1408
Normal: -0.163346 0.649334 0.742754
UV: 0.903949 0.197195

Position: -0.0722499 0.611086 0.199181
Normal: -0.51289 0.648789 0.562154
UV: 0.935923 0.197195

Position: -0.315 0.584937 0.137667
Normal: 0.296779 0.13813 0.944903
UV: 0.867484 0.189874

Position: -0.312116 0.611086 0.146542
Normal: 0.229436 0.649232 0.72516
UV: 0.868363 0.197195

Position: -0.425524 0.584937 0.208302
Normal: 0.729378 0.126303 0.672351
UV: 0.837131 0.189874

Position: -0.418523 0.611086 0.214545
Normal: 0.561537 0.648578 0.513831
UV: 0.839141 0.197195

Position: -0.425524 0.584937 0.208302
Normal: 0.729378 0.126303 0.672351
UV: 0.99 0.504447

Position: -0.484836 0.584937 0.322639
Normal: 0.969717 0.115264 0.215323
UV: 0.961584 0.504447

Position: -0.475624 0.611086 0.324622
Normal: 0.743769 0.648008 0.163992
UV: 0.961164 0.511768

Position: -0.418523 0.611086 0.214545
Normal: 0.561537 0.648578 0.513831
UV: 0.988522 0.511768

Position: -0.479079 0.584937 0.450279
Normal: 0.945794 0.11744 -0.302789
UV: 0.930377 0.504447

Position: -0.470082 0.611086 0.447506
Normal: 0.725854 0.648117 -0.230391
UV: 0.93112 0.511768

Position: -0.409356 0.584937 0.559377
Normal: 0.665649 0.130209 -0.734818
UV: 0.904167 0.504447

Position: -0.402957 0.611086 0.55254
Normal: 0.51289 0.64879 -0.562152
UV: 0.905887 0.511768

Position: -0.409356 0.584937 0.559377
Normal: 0.665649 0.130209 -0.734818
UV: 0.797622 0.0636153

Position: -0.292457 0.584937 0.620018
Normal: 0.211496 0.139902 -0.967314
UV: 0.76441 0.0636153

Position: -0.290413 0.611086 0.610921
Normal: 0.163346 0.649336 -0.742752
UV: 0.763913 0.0709362

Position: -0.402957 0.611086 0.55254
Normal: 0.51289 0.64879 -0.562152
UV: 0.795887 0.0709362

Position: -0.160207 0.584937 0.614053
Normal: -0.29678 0.138132 -0.944903
UV: 0.727448 0.0636153

Position: -0.16309 0.611086 0.605179
Normal: -0.229435 0.649233 -0.725159
UV: 0.728328 0.0709362

Position: -0.049682 0.584937 0.543418
Normal: -0.729378 0.126302 -0.672351
UV: 0.697095 0.0636153

Position: -0.0566836 0.611086 0.537175
Normal: -0.561537 0.648577 -0.513832
UV: 0.699105 0.0709362

Position: -0.049682 0.584937 0.543418
Normal: -0.729378 0.126302 -0.672351
UV: 0.307088 0.114692

Position: -0.0566836 0.611086 0.537175
Normal: -0.561537 0.648577 -0.513832
UV: 0.30561 0.122013

Position: -0.0631605 0.473189 0.409125
Normal: -0.810661 0.559097 -0.173892
UV: 0.274308 0.0834046

Position: -0.0667025 0.473189 0.330587
Normal: -0.790438 0.562469 0.242563
UV: 0.255106 0.0834046

Position: -0.101379 0.473189 0.4828
Normal: -0.610601 0.576824 -0.542624
UV: 0.292618 0.0834046

Position: -0.179735 0.473189 0.532876
Normal: -0.248493 0.597339 -0.76252
UV: 0.733578 0.0323281

Position: -0.101379 0.473189 0.4828
Normal: -0.610601 0.576824 -0.542624
UV: 0.712059 0.0323281

Position: -0.277771 0.473189 0.537298
Normal: 0.175658 0.600522 -0.780075
UV: 0.760978 0.0323281

Position: -0.362282 0.473189 0.493458
Normal: 0.555882 0.58344 -0.592109
UV: 0.784988 0.0323281

Position: -0.409356 0.584937 0.559377
Normal: 0.665649 0.130209 -0.734818
UV: 0.985241 0.134936

Position: -0.479079 0.584937 0.450279
Normal: 0.945794 0.11744 -0.302789
UV: 0.985241 0.10172

Position: -0.408504 0.473189 0.421134
Normal: 0.790438 0.562468 -0.242563
UV: 0.948059 0.107678

Position: -0.362282 0.473189 0.493458
Normal: 0.555882 0.58344 -0.592109
UV: 0.948059 0.129698

Position: -0.412046 0.473189 0.342596
Normal: 0.810661 0.559097 0.173892
UV: 0.957219 0.47316

Position: -0.408504 0.473189 0.421134
Normal: 0.790438 0.562468 -0.242563
UV: 0.938017 0.47316

Position: -0.373827 0.473189 0.268921
Normal: 0.610601 0.576824 0.542623
UV: 0.97553 0.47316

Position: -0.295471 0.473189 0.218844
Normal: 0.248494 0.59734 0.76252
UV: 0.873613 0.158587

Position: -0.373827 0.473189 0.268921
Normal: 0.610601 0.576824 0.542623
UV: 0.852095 0.158587

Position: -0.197436 0.473189 0.214423
Normal: -0.175657 0.600523 0.780075
UV: 0.901013 0.158587

Position: -0.112924 0.473189 0.258262
Normal: -0.555882 0.58344 0.592109
UV: 0.925023 0.158587

Position: -0.0658508 0.584937 0.192343
Normal: -0.665648 0.130207 0.734819
UV: 0.865421 0.778765

Position: 0.00387304 0.584937 0.301442
Normal: -0.945794 0.117439 0.302789
UV: 0.898638 0.778765

Position: -0.0667025 0.473189 0.330587
Normal: -0.790438 0.562469 0.242563
UV: 0.892679 0.741583

Position: -0.112924 0.473189 0.258262
Normal: -0.555882 0.58344 0.592109
UV: 0.870659 0.741583

Position: 0.0197932 0.130035 -0.324339
Normal: 0.805902 -0.534142 -0.255372
UV: 0.615316 0.0413785

Position: 0.0280707 0.130035 -0.140799
Normal: 0.825617 -0.534142 0.181792
UV: 0.570442 0.0413785

Position: -0.0337549 0.328933 -0.154412
Normal: 0.896255 0.391572 0.208322
UV: 0.573332 0.0970658

Position: -0.040556 0.328934 -0.305216
Normal: 0.892486 0.358505 -0.273756
UV: 0.610202 0.0970658

Position: -0.0565309 0.130035 0.0222908
Normal: 0.62411 -0.534142 0.570245
UV: 0.529909 0.0413785

Position: -0.103267 0.328934 -0.0204115
Normal: 0.661787 0.424844 0.617694
UV: 0.540028 0.0970658

Position: -0.0565309 0.130035 0.0222908
Normal: 0.62411 -0.534142 0.570245
UV: 0.880517 0.490543

Position: -0.211343 0.130035 0.12123
Normal: 0.255372 -0.534142 0.805901
UV: 0.838001 0.490543

Position: -0.230466 0.328934 0.0608804
Normal: 0.263631 0.449961 0.853249
UV: 0.832155 0.54623

Position: -0.103267 0.328934 -0.0204115
Normal: 0.661787 0.424844 0.617694
UV: 0.867088 0.54623

Position: -0.394883 0.130035 0.129507
Normal: -0.181792 -0.534142 0.825617
UV: 0.786704 0.490543

Position: -0.38127 0.328934 0.0676816
Normal: -0.192792 0.463135 0.865065
UV: 0.790007 0.54623

Position: -0.557973 0.130035 0.0449055
Normal: -0.570245 -0.534142 0.62411
UV: 0.740369 0.490543

Position: -0.515271 0.328933 -0.0018305
Normal: -0.596175 0.463254 0.655722
UV: 0.751937 0.54623

Position: -0.557973 0.130035 0.0449055
Normal: -0.570245 -0.534142 0.62411
UV: 0.819694 0.220846

Position: -0.656912 0.130035 -0.109907
Normal: -0.805901 -0.534142 0.255372
UV: 0.782502 0.220846

Position: -0.596563 0.328934 -0.12903
Normal: -0.849218 0.450311 0.275771
UV: 0.777388 0.276533

Position: -0.515271 0.328933 -0.0018305
Normal: -0.596175 0.463254 0.655722
UV: 0.807946 0.276533

Position: -0.66519 0.130035 -0.293447
Normal: -0.825618 -0.534142 -0.181791
UV: 0.737628 0.220846

Position: -0.603364 0.328934 -0.279834
Normal: -0.885849 0.425387 -0.185252
UV: 0.740518 0.276533

Position: -0.580588 0.130035 -0.456537
Normal: -0.62411 -0.534143 -0.570245
UV: 0.697095 0.220846

Position: -0.533852 0.328934 -0.413834
Normal: -0.686286 0.392204 -0.612526
UV: 0.707214 0.276533

Position: -0.580588 0.130035 -0.456537
Normal: -0.62411 -0.534143 -0.570245
UV: 0.670056 0.165378

Position: -0.425776 0.130035 -0.555476
Normal: -0.255373 -0.534142 -0.805901
UV: 0.627541 0.165378

Position: -0.406653 0.328934 -0.495126
Normal: -0.290214 0.359032 -0.887058
UV: 0.621695 0.221065

Position: -0.533852 0.328934 -0.413834
Normal: -0.686286 0.392204 -0.612526
UV: 0.656627 0.221065

Position: -0.242235 0.130035 -0.563753
Normal: 0.181792 -0.534142 -0.825617
UV: 0.576244 0.165378

Position: -0.255849 0.328934 -0.501928
Normal: 0.199066 0.337693 -0.919965
UV: 0.579547 0.221065

Position: -0.0791459 0.130035 -0.479152
Normal: 0.570245 -0.534142 -0.62411
UV: 0.529909 0.165378

Position: -0.121848 0.328934 -0.432416
Normal: 0.63739 0.337485 -0.692703
UV: 0.541477 0.221065

Position: -0.0791459 0.130035 -0.479152
Normal: 0.570245 -0.534142 -0.62411
UV: 0.652508 0.0413785

Position: -0.121848 0.328934 -0.432416
Normal: 0.63739 0.337485 -0.692703
UV: 0.64076 0.0970658

Position: -0.103255 0.468917 -0.198996
Normal: 0.885964 0.427741 0.179178
UV: 0.583749 0.136258

Position: -0.108068 0.468917 -0.305706
Normal: 0.873357 0.391865 -0.289291
UV: 0.609838 0.136258

Position: -0.152442 0.468917 -0.104175
Normal: 0.662548 0.466946 0.585655
UV: 0.560183 0.136258

Position: -0.24245 0.468917 -0.0466521
Normal: 0.271407 0.498578 0.823261
UV: 0.827921 0.585422

Position: -0.152442 0.468917 -0.104175
Normal: 0.662548 0.466946 0.585655
UV: 0.85264 0.585422

Position: -0.349161 0.468917 -0.0418395
Normal: -0.180719 0.515824 0.837416
UV: 0.798097 0.585422

Position: -0.443981 0.468917 -0.091027
Normal: -0.580351 0.515984 0.630042
UV: 0.771158 0.585422

Position: -0.515271 0.328933 -0.0018305
Normal: -0.596175 0.463254 0.655722
UV: 0.727355 0.129148

Position: -0.596563 0.328934 -0.12903
Normal: -0.849218 0.450311 0.275771
UV: 0.727355 0.167876

Position: -0.501504 0.468917 -0.181035
Normal: -0.829049 0.49903 0.252283
UV: 0.776047 0.162378

Position: -0.443981 0.468917 -0.091027
Normal: -0.580351 0.515984 0.630042
UV: 0.776047 0.134974

Position: -0.506317 0.468917 -0.287745
Normal: -0.860021 0.467613 -0.204211
UV: 0.737886 0.315725

Position: -0.501504 0.468917 -0.181035
Normal: -0.829049 0.49903 0.252283
UV: 0.763976 0.315725

Position: -0.457129 0.468917 -0.382566
Normal: -0.656465 0.428454 -0.620872
UV: 0.71432 0.315725

Position: -0.367122 0.468917 -0.440089
Normal: -0.266324 0.39241 -0.88039
UV: 0.610182 0.260257

Position: -0.457129 0.468917 -0.382566
Normal: -0.656465 0.428454 -0.620872
UV: 0.6349 0.260257

Position: -0.260411 0.468917 -0.444901
Normal: 0.204202 0.370817 -0.905978
UV: 0.580357 0.260257

Position: -0.165591 0.468917 -0.395714
Normal: 0.623205 0.370614 -0.688666
UV: 0.553418 0.260257

Position: -0.165591 0.468917 -0.395714
Normal: 0.623205 0.370614 -0.688666
UV: 0.631462 0.136258

Position: -0.242235 0.130035 -0.563753
Normal: 0.181792 -0.534142 -0.825617
UV: 0.131108 0.233263

Position: -0.425776 0.130035 -0.555476
Normal: -0.255373 -0.534142 -0.805901
UV: 0.0797055 0.23267

Position: -0.580588 0.130035 -0.456537
Normal: -0.62411 -0.534143 -0.570245
UV: 0.0353768 0.254674

Position: -0.66519 0.130035 -0.293447
Normal: -0.825618 -0.534142 -0.181791
UV: 0.01 0.293378

Position: -0.656912 0.130035 -0.109907
Normal: -0.805901 -0.534142 0.255372
UV: 0.0103749 0.338413

Position: -0.557973 0.130035 0.0449055
Normal: -0.570245 -0.534142 0.62411
UV: 0.0364009 0.377711

Position: -0.394883 0.130035 0.129507
Normal: -0.181792 -0.534142 0.825617
UV: 0.0811045 0.400743

Position: -0.211343 0.130035 0.12123
Normal: 0.255372 -0.534142 0.805901
UV: 0.132507 0.401336

Position: -0.0565309 0.130035 0.0222908
Normal: 0.62411 -0.534142 0.570245
UV: 0.176836 0.379333

Position: 0.0280707 0.130035 -0.140799
Normal: 0.825617 -0.534142 0.181792
UV: 0.202213 0.340628

Position: 0.0197932 0.130035 -0.324339
Normal: 0.805902 -0.534142 -0.255372
UV: 0.201838 0.295593

Position: -0.0791459 0.130035 -0.479152
Normal: 0.570245 -0.534142 -0.62411
UV: 0.175812 0.256295

Position: -0.174471 0.385437 -0.218521
Normal: 0 1 0
UV: 0.452849 0.682376

Position: -0.203022 0.385437 -0.163483
Normal: 0 1 0
UV: 0.443889 0.669583

Position: -0.261557 0.385437 -0.126074
Normal: 0 1 0
UV: 0.426881 0.661781

Position: -0.334793 0.385437 -0.122771
Normal: 0 1 0
UV: 0.406387 0.662645

Position: -0.397925 0.385437 -0.155521
Normal: 0 1 0
UV: 0.389363 0.672086

Position: -0.432455 0.385437 -0.209549
Normal: 0 1 0
UV: 0.380705 0.686073

Position: -0.435101 0.385437 -0.26822
Normal: 0 1 0
UV: 0.381026 0.700466

Position: -0.40655 0.385437 -0.323258
Normal: 0 1 0
UV: 0.389986 0.713259

Position: -0.348015 0.385437 -0.360667
Normal: 0 1 0
UV: 0.406993 0.721062

Position: -0.274779 0.385437 -0.36397
Normal: 0 1 0
UV: 0.427487 0.720197

Position: -0.211646 0.385437 -0.33122
Normal: 0 1 0
UV: 0.444511 0.710756

Position: -0.177117 0.385437 -0.277191
Normal: 0 1 0
UV: 0.45317 0.696769

Position: -0.115397 0.48845 -0.303384
Normal: 0.591467 0.784244 -0.187423
UV: 0.698246 0.135855

Position: -0.110764 0.48845 -0.200649
Normal: 0.605937 0.784244 0.133421
UV: 0.697095 0.161038

Position: -0.126976 0.48845 -0.205094
Normal: -0.743771 0.648005 -0.163994
UV: 0.701627 0.159887

Position: -0.131116 0.48845 -0.296892
Normal: -0.725854 0.648117 0.230393
UV: 0.702655 0.137385

Position: -0.158118 0.48845 -0.109361
Normal: 0.458048 0.784242 0.418516
UV: 0.71048 0.183218

Position: -0.169633 0.48845 -0.122863
Normal: -0.561538 0.648577 -0.513832
UV: 0.713684 0.179866

Position: -0.244773 0.48845 -0.0539815
Normal: 0.187423 0.784243 0.591469
UV: 0.734815 0.196452

Position: -0.249122 0.48845 -0.0720613
Normal: -0.229435 0.649233 -0.72516
UV: 0.736007 0.192007

Position: -0.347508 0.48845 -0.0493481
Normal: -0.133423 0.784241 0.605941
UV: 0.76358 0.197195

Position: -0.344237 0.48845 -0.0677718
Normal: 0.163347 0.649332 -0.742755
UV: 0.762638 0.192695

Position: -0.438795 0.48845 -0.0967031
Normal: -0.418515 0.784243 0.458047
UV: 0.789066 0.185247

Position: -0.428311 0.48845 -0.111385
Normal: 0.512891 0.648787 -0.562154
UV: 0.78611 0.181691

Position: -0.494175 0.48845 -0.183357
Normal: -0.591469 0.784243 0.187424
UV: 0.804445 0.16381

Position: -0.478456 0.48845 -0.189849
Normal: 0.725853 0.648118 -0.230391
UV: 0.800036 0.16228

Position: -0.498808 0.48845 -0.286092
Normal: -0.605938 0.784244 -0.13342
UV: 0.805597 0.138628

Position: -0.482596 0.48845 -0.281647
Normal: 0.74377 0.648006 0.163993
UV: 0.801065 0.139778

Position: -0.451453 0.48845 -0.37738
Normal: -0.458049 0.784242 -0.418517
UV: 0.792211 0.116448

Position: -0.439939 0.48845 -0.363879
Normal: 0.561538 0.648578 0.513831
UV: 0.789008 0.119799

Position: -0.364799 0.48845 -0.43276
Normal: -0.187424 0.784242 -0.591469
UV: 0.767876 0.103213

Position: -0.36045 0.48845 -0.41468
Normal: 0.229436 0.649232 0.72516
UV: 0.766684 0.107658

Position: -0.262064 0.48845 -0.437393
Normal: 0.133421 0.784242 -0.60594
UV: 0.739112 0.10247

Position: -0.265335 0.48845 -0.418969
Normal: -0.163346 0.649333 0.742755
UV: 0.740054 0.106971

Position: -0.170777 0.48845 -0.390038
Normal: 0.418514 0.784244 -0.458048
UV: 0.713626 0.114418

Position: -0.181261 0.48845 -0.375356
Normal: -0.512891 0.648786 0.562155
UV: 0.716581 0.117974

Position: -0.110764 0.48845 -0.200649
Normal: 0.605937 0.784244 0.133421
UV: 0.5841 0.141727

Position: -0.115397 0.48845 -0.303384
Normal: 0.591467 0.784244 -0.187423
UV: 0.609217 0.141727

Position: -0.158118 0.48845 -0.109361
Normal: 0.458048 0.784242 0.418516
UV: 0.561412 0.141727

Position: -0.244773 0.48845 -0.0539815
Normal: 0.187423 0.784243 0.591469
UV: 0.827211 0.590891

Position: -0.158118 0.48845 -0.109361
Normal: 0.458048 0.784242 0.418516
UV: 0.851009 0.590891

Position: -0.347508 0.48845 -0.0493481
Normal: -0.133423 0.784241 0.605941
UV: 0.798498 0.590891

Position: -0.438795 0.48845 -0.0967031
Normal: -0.418515 0.784243 0.458047
UV: 0.772563 0.590891

Position: -0.443981 0.468917 -0.091027
Normal: -0.580351 0.515984 0.630042
UV: 0.785599 0.315725

Position: -0.494175 0.48845 -0.183357
Normal: -0.591469 0.784243 0.187424
UV: 0.763354 0.321194

Position: -0.438795 0.48845 -0.0967031
Normal: -0.418515 0.784243 0.458047
UV: 0.784172 0.321194

Position: -0.498808 0.48845 -0.286092
Normal: -0.605938 0.784244 -0.13342
UV: 0.738237 0.321194

Position: -0.451453 0.48845 -0.37738
Normal: -0.458049 0.784242 -0.418517
UV: 0.715549 0.321194

Position: -0.364799 0.48845 -0.43276
Normal: -0.187424 0.784242 -0.591469
UV: 0.609471 0.265726

Position: -0.451453 0.48845 -0.37738
Normal: -0.458049 0.784242 -0.418517
UV: 0.633269 0.265726

Position: -0.262064 0.48845 -0.437393
Normal: 0.133421 0.784242 -0.60594
UV: 0.580758 0.265726

Position: -0.170777 0.48845 -0.390038
Normal: 0.418514 0.784244 -0.458048
UV: 0.554823 0.265726

Position: -0.170777 0.48845 -0.390038
Normal: 0.418514 0.784244 -0.458048
UV: 0.630035 0.141727

Position: -0.120094 0.468917 -0.203612
Normal: -0.969717 0.115262 -0.215323
UV: 0.965181 0.78796

Position: -0.124395 0.468917 -0.298964
Normal: -0.945794 0.11744 0.302789
UV: 0.941868 0.78796

Position: -0.131116 0.48845 -0.296892
Normal: -0.725854 0.648117 0.230393
UV: 0.942423 0.793429

Position: -0.126976 0.48845 -0.205094
Normal: -0.743771 0.648005 -0.163994
UV: 0.964867 0.793429

Position: -0.176481 0.468917 -0.380464
Normal: -0.665649 0.130205 0.734819
UV: 0.922288 0.78796

Position: -0.181261 0.48845 -0.375356
Normal: -0.512891 0.648786 0.562155
UV: 0.923573 0.793429

Position: -0.176481 0.468917 -0.380464
Normal: -0.665649 0.130205 0.734819
UV: 0.0850971 0.0376876

Position: -0.263809 0.468917 -0.425765
Normal: -0.211496 0.139899 0.967315
UV: 0.0602869 0.0376876

Position: -0.265335 0.48845 -0.418969
Normal: -0.163346 0.649333 0.742755
UV: 0.0599153 0.0431565

Position: -0.181261 0.48845 -0.375356
Normal: -0.512891 0.648786 0.562155
UV: 0.0838011 0.0431565

Position: -0.362604 0.468917 -0.421309
Normal: 0.296779 0.13813 0.944903
UV: 0.0326747 0.0376876

Position: -0.36045 0.48845 -0.41468
Normal: 0.229436 0.649232 0.72516
UV: 0.0333318 0.0431565

Position: -0.44517 0.468917 -0.368542
Normal: 0.729378 0.126303 0.672351
UV: 0.01 0.0376876

Position: -0.439939 0.48845 -0.363879
Normal: 0.561538 0.648578 0.513831
UV: 0.011502 0.0431565

Position: -0.44517 0.468917 -0.368542
Normal: 0.729378 0.126303 0.672351
UV: 0.901251 0.0503441

Position: -0.489477 0.468917 -0.283129
Normal: 0.969717 0.115263 0.215323
UV: 0.880023 0.0503441

Position: -0.482596 0.48845 -0.281647
Normal: 0.74377 0.648006 0.163993
UV: 0.87971 0.055813

Position: -0.439939 0.48845 -0.363879
Normal: 0.561538 0.648578 0.513831
UV: 0.900146 0.055813

Position: -0.485177 0.468917 -0.187777
Normal: 0.945794 0.117441 -0.302789
UV: 0.85671 0.0503441

Position: -0.478456 0.48845 -0.189849
Normal: 0.725853 0.648118 -0.230391
UV: 0.857265 0.055813

Position: -0.433091 0.468917 -0.106277
Normal: 0.66565 0.130205 -0.734818
UV: 0.837131 0.0503441

Position: -0.428311 0.48845 -0.111385
Normal: 0.512891 0.648787 -0.562154
UV: 0.838415 0.055813

Position: -0.433091 0.468917 -0.106277
Normal: 0.66565 0.130205 -0.734818
UV: 0.308844 0.395867

Position: -0.345763 0.468917 -0.0609761
Normal: 0.211497 0.139899 -0.967314
UV: 0.284034 0.395867

Position: -0.344237 0.48845 -0.0677718
Normal: 0.163347 0.649332 -0.742755
UV: 0.283662 0.401336

Position: -0.428311 0.48845 -0.111385
Normal: 0.512891 0.648787 -0.562154
UV: 0.307548 0.401336

Position: -0.246968 0.468917 -0.0654318
Normal: -0.296781 0.138131 -0.944903
UV: 0.256422 0.395867

Position: -0.249122 0.48845 -0.0720613
Normal: -0.229435 0.649233 -0.72516
UV: 0.257079 0.401336

Position: -0.164402 0.468917 -0.118199
Normal: -0.729378 0.126303 -0.672351
UV: 0.233747 0.395867

Position: -0.169633 0.48845 -0.122863
Normal: -0.561538 0.648577 -0.513832
UV: 0.235249 0.401336

Position: -0.164402 0.468917 -0.118199
Normal: -0.729378 0.126303 -0.672351
UV: 0.986408 0.78796

Position: -0.169633 0.48845 -0.122863
Normal: -0.561538 0.648577 -0.513832
UV: 0.985304 0.793429

Position: -0.174471 0.385437 -0.218521
Normal: -0.810661 0.559097 -0.173892
UV: 0.96192 0.764588

Position: -0.177117 0.385437 -0.277191
Normal: -0.790438 0.562469 0.242563
UV: 0.947576 0.764588

Position: -0.203022 0.385437 -0.163483
Normal: -0.610601 0.576824 -0.542625
UV: 0.975599 0.764588

Position: -0.261557 0.385437 -0.126074
Normal: -0.248493 0.597339 -0.76252
UV: 0.261001 0.372495

Position: -0.203022 0.385437 -0.163483
Normal: -0.610601 0.576824 -0.542625
UV: 0.244926 0.372495

Position: -0.334793 0.385437 -0.122771
Normal: 0.175658 0.600523 -0.780075
UV: 0.281469 0.372495

Position: -0.397925 0.385437 -0.155521
Normal: 0.555882 0.58344 -0.592109
UV: 0.299406 0.372495

Position: -0.433091 0.468917 -0.106277
Normal: 0.66565 0.130205 -0.734818
UV: 0.444141 0.753759

Position: -0.485177 0.468917 -0.187777
Normal: 0.945794 0.117441 -0.302789
UV: 0.444141 0.728945

Position: -0.432455 0.385437 -0.209549
Normal: 0.790439 0.562468 -0.242563
UV: 0.416364 0.733396

Position: -0.397925 0.385437 -0.155521
Normal: 0.555882 0.58344 -0.592109
UV: 0.416364 0.749846

Position: -0.435101 0.385437 -0.26822
Normal: 0.810661 0.559097 0.173892
UV: 0.876762 0.0269715

Position: -0.432455 0.385437 -0.209549
Normal: 0.790439 0.562468 -0.242563
UV: 0.862418 0.0269715

Position: -0.40655 0.385437 -0.323258
Normal: 0.610601 0.576824 0.542623
UV: 0.890441 0.0269715

Position: -0.348015 0.385437 -0.360667
Normal: 0.248493 0.59734 0.76252
UV: 0.0372539 0.014315

Position: -0.40655 0.385437 -0.323258
Normal: 0.610601 0.576824 0.542623
UV: 0.0211787 0.014315

Position: -0.274779 0.385437 -0.36397
Normal: -0.175658 0.600523 0.780075
UV: 0.0577226 0.014315

Position: -0.211646 0.385437 -0.33122
Normal: -0.555882 0.583441 0.592109
UV: 0.0756589 0.014315

Position: -0.176481 0.468917 -0.380464
Normal: -0.665649 0.130205 0.734819
UV: 0.408481 0.753759

Position: -0.124395 0.468917 -0.298964
Normal: -0.945794 0.11744 0.302789
UV: 0.408481 0.728945

Position: -0.177117 0.385437 -0.277191
Normal: -0.790438 0.562469 0.242563
UV: 0.380705 0.733396

Position: -0.211646 0.385437 -0.33122
Normal: -0.555882 0.583441 0.592109
UV: 0.380705 0.749846


[INDEX_DATA]
0 2 1
2 0 3
1 5 4
5 1 2
6 8 7
8 6 9
7 11 10
11 7 8
12 14 13
14 12 15
13 17 16
17 13 14
18 20 19
20 18 21
19 23 22
23 19 20
24 26 25
26 24 27
25 29 28
29 25 26
30 32 31
32 30 33
34 3 0
3 34 35
3 36 2
36 3 37
2 38 5
38 2 36
9 39 8
39 9 40
8 41 11
41 8 39
15 42 14
42 15 43
14 44 17
44 14 42
21 45 20
45 21 46
20 47 23
47 20 45
27 48 26
48 27 49
26 50 29
50 26 48
33 51 32
51 33 52
35 37 3
37 35 53
54 56 55
56 58 57
58 60 59
56 60 58
60 62 61
62 64 63
60 64 62
56 64 60
54 64 56
65 64 54
66 68 67
68 70 69
70 72 71
68 72 70
72 74 73
74 76 75
72 76 74
68 76 72
66 76 68
77 76 66
78 80 79
80 78 81
79 83 82
83 79 80
84 86 85
86 84 87
85 89 88
89 85 86
88 91 90
91 88 89
92 94 93
94 92 95
93 97 96
97 93 94
96 99 98
99 96 97
100 102 101
102 100 103
101 105 104
105 101 102
104 107 106
107 104 105
108 81 78
81 108 109
81 110 80
110 81 111
80 112 83
112 80 110
87 113 86
113 87 114
86 115 89
115 86 113
89 116 91
116 89 115
117 119 118
119 117 120
94 121 97
121 94 122
97 123 99
123 97 121
103 124 102
124 103 125
102 126 105
126 102 124
105 127 107
127 105 126
109 111 81
111 109 128
129 131 130
131 133 132
133 135 134
131 135 133
135 137 136
137 139 138
135 139 137
131 139 135
129 139 131
140 139 129
141 143 142
143 145 144
145 147 146
143 147 145
147 149 148
149 151 150
147 151 149
143 151 147
141 151 143
152 151 141
153 155 154
155 153 156
154 158 157
158 154 155
157 160 159
160 157 158
159 162 161
162 159 160
161 164 163
164 161 162
163 166 165
166 163 164
165 168 167
168 165 166
167 170 169
170 167 168
169 172 171
172 169 170
171 174 173
174 171 172
173 176 175
176 173 174
175 156 153
156 175 176
177 179 178
179 177 180
178 182 181
182 178 179
181 184 183
184 181 182
183 186 185
186 183 184
185 188 187
188 185 186
187 190 189
190 187 188
189 192 191
192 189 190
191 194 193
194 191 192
193 196 195
196 193 194
195 198 197
198 195 196
197 200 199
200 197 198
199 180 177
180 199 200
37 201 36
201 37 202
36 203 38
203 36 201
40 204 39
204 40 205
39 206 41
206 39 204
43 207 42
207 43 208
42 209 44
209 42 207
46 210 45
210 46 211
45 212 47
212 45 210
49 213 48
213 49 214
48 215 50
215 48 213
52 216 51
216 52 217
53 202 37
202 53 218
219 221 220
221 219 222
220 224 223
224 220 221
225 227 226
227 225 228
226 230 229
230 226 227
231 233 232
233 231 234
232 236 235
236 232 233
237 239 238
239 237 240
238 242 241
242 238 239
243 245 244
245 243 246
244 248 247
248 244 245
249 251 250
251 249 252
253 222 219
222 253 254
111 255 110
255 111 256
110 257 112
257 110 255
114 258 113
258 114 259
113 260 115
260 113 258
115 261 116
261 115 260
262 263 122
263 262 264
122 265 121
265 122 263
121 266 123
266 121 265
125 267 124
267 125 268
124 269 126
269 124 267
126 270 127
270 126 269
128 256 111
256 128 271
272 274 273
274 272 275
273 277 276
277 273 274
278 280 279
280 278 281
279 283 282
283 279 280
282 285 284
285 282 283
286 288 287
288 286 289
287 291 290
291 287 288
290 293 292
293 290 291
294 296 295
296 294 297
295 299 298
299 295 296
298 301 300
301 298 299
302 275 272
275 302 303
273 304 272
304 273 305
272 306 302
306 272 304
300 307 298
307 300 308
298 309 295
309 298 307
295 310 294
310 295 309
311 313 312
313 311 314
290 315 287
315 290 316
287 317 286
317 287 315
284 318 282
318 284 319
282 320 279
320 282 318
279 321 278
321 279 320
322 324 323
324 322 325
326 328 327
328 326 329
327 331 330
331 327 328
332 334 333
334 332 335
333 337 336
337 333 334
336 339 338
339 336 337
340 342 341
342 340 343
341 345 344
345 341 342
344 347 346
347 344 345
348 350 349
350 348 351
349 353 352
353 349 350
352 355 354
355 352 353
356 329 326
329 356 357
329 358 328
358 329 359
328 360 331
360 328 358
335 361 334
361 335 362
334 363 337
363 334 361
337 364 339
364 337 363
365 367 366
367 365 368
342 369 345
369 342 370
345 371 347
371 345 369
351 372 350
372 351 373
350 374 353
374 350 372
353 375 355
375 353 374
357 359 329
359 357 376
377 379 378
379 381 380
381 383 382
379 383 381
383 385 384
385 387 386
383 387 385
379 387 383
377 387 379
388 387 377
389 391 390
391 393 392
393 395 394
391 395 393
395 397 396
397 399 398
395 399 397
391 399 395
389 399 391
400 399 389
401 403 402
403 401 404
402 406 405
406 402 403
405 408 407
408 405 406
407 410 409
410 407 408
409 412 411
412 409 410
411 414 413
414 411 412
413 416 415
416 413 414
415 418 417
418 415 416
417 420 419
420 417 418
419 422 421
422 419 420
421 424 423
424 421 422
423 404 401
404 423 424
359 425 358
425 359 426
358 427 360
427 358 425
362 428 361
428 362 429
361 430 363
430 361 428
363 431 364
431 363 430
432 433 370
433 432 434
370 435 369
435 370 433
369 436 371
436 369 435
373 437 372
437 373 438
372 439 374
439 372 437
374 440 375
440 374 439
376 426 359
426 376 441
442 444 443
444 442 445
443 447 446
447 443 444
448 450 449
450 448 451
449 453 452
453 449 450
452 455 454
455 452 453
456 458 457
458 456 459
457 461 460
461 457 458
460 463 462
463 460 461
464 466 465
466 464 467
465 469 468
469 465 466
468 471 470
471 468 469
472 445 442
445 472 473
443 474 442
474 443 475
442 476 472
476 442 474
470 477 468
477 470 478
468 479 465
479 468 477
465 480 464
480 465 479
481 483 482
483 481 484
460 485 457
485 460 486
457 487 456
487 457 485
454 488 452
488 454 489
452 490 449
490 452 488
449 491 448
491 449 490
492 494 493
494 492 495

