[FBX_META_DATA]
MeshCount: 1

[MESH_DATA]
VertexCount: 908
IndexCount: 924
BoneCount: 0
AnimationClips: 1

[VERTEX_DATA]
Position: -0.377195 -0.149562 -0.246112
Normal: -3.00542e-07 -1 0.000400764
UV: 0.495443 0.0749589

Position: -0.411662 -0.1495 -0.0896017
Normal: -3.00542e-07 -1 0.000400764
UV: 0.452914 0.0737844

Position: -0.213457 -0.1495 -0.0896018
Normal: -3.00542e-07 -1 0.000400764
UV: 0.463121 0.126186

Position: -0.213457 -0.1495 -0.0896018
Normal: -0.00401723 -0.999981 0.00460319
UV: 0.463121 0.126186

Position: -0.224865 -0.150379 -0.29061
Normal: -0.00401723 -0.999981 0.00460319
UV: 0.514911 0.112968

Position: -0.377195 -0.149562 -0.246112
Normal: -0.00401723 -0.999981 0.00460319
UV: 0.495443 0.0749589

Position: -0.224865 -0.150379 -0.29061
Normal: 0.00147307 -0.99999 0.00429164
UV: 0.514911 0.112968

Position: -0.213457 -0.1495 -0.0896018
Normal: 0.00147307 -0.99999 0.00429164
UV: 0.463121 0.126186

Position: -0.00914603 -0.149107 -0.0682051
Normal: 0.00147307 -0.99999 0.00429164
UV: 0.468053 0.181292

Position: -0.00914603 -0.149107 -0.0682051
Normal: 0.00425984 -0.99999 0.00158863
UV: 0.468053 0.181292

Position: -0.0497196 -0.149562 -0.246112
Normal: 0.00425984 -0.99999 0.00158863
UV: 0.512307 0.161538

Position: -0.224865 -0.150379 -0.29061
Normal: 0.00425984 -0.99999 0.00158863
UV: 0.514911 0.112968

Position: -0.411662 -0.1495 -0.0896017
Normal: 0.00405298 -0.999992 -0.000174548
UV: 0.452914 0.0737844

Position: -0.377195 -0.149399 0.132424
Normal: 0.00405298 -0.999992 -0.000174548
UV: 0.396875 0.0941579

Position: -0.213457 -0.148741 0.168235
Normal: 0.00405298 -0.999992 -0.000174548
UV: 0.395953 0.13927

Position: -0.213457 -0.148741 0.168235
Normal: -2.99395e-07 -0.999996 0.0029413
UV: 0.395953 0.13927

Position: -0.213457 -0.1495 -0.0896018
Normal: -2.99395e-07 -0.999996 0.0029413
UV: 0.463121 0.126186

Position: -0.411662 -0.1495 -0.0896017
Normal: -2.99395e-07 -0.999996 0.0029413
UV: 0.452914 0.0737844

Position: -0.213457 -0.1495 -0.0896018
Normal: -0.00337095 -0.99999 0.00294129
UV: 0.463121 0.126186

Position: -0.213457 -0.148741 0.168235
Normal: -0.00337096 -0.99999 0.00294129
UV: 0.395953 0.13927

Position: -0.0497196 -0.149399 0.132424
Normal: -0.00337096 -0.99999 0.00294129
UV: 0.413739 0.180737

Position: -0.0497196 -0.149399 0.132424
Normal: 0.00203176 -0.999997 -0.00104306
UV: 0.413739 0.180737

Position: -0.00914603 -0.149107 -0.0682051
Normal: 0.00203176 -0.999997 -0.00104306
UV: 0.468053 0.181292

Position: -0.213457 -0.1495 -0.0896018
Normal: 0.00203176 -0.999997 -0.00104306
UV: 0.463121 0.126186

Position: -0.304098 0.821143 -0.374489
Normal: -0.764681 0.3421 -0.546105
UV: 0.68018 0.969794

Position: -0.213457 1.12626 -0.31027
Normal: -0.764681 0.3421 -0.546105
UV: 0.759231 0.941428

Position: -0.333179 0.917411 -0.273463
Normal: -0.764681 0.3421 -0.546105
UV: 0.702148 0.939294

Position: -0.213457 0.897243 -0.387901
Normal: 0.371683 0.298028 -0.879222
UV: 0.297496 0.57081

Position: -0.125244 0.904233 -0.34824
Normal: 0.371683 0.298028 -0.879222
UV: 0.302039 0.594132

Position: -0.213457 1.12626 -0.31027
Normal: 0.371683 0.298028 -0.879222
UV: 0.353565 0.559889

Position: -0.333179 0.917411 -0.273463
Normal: -0.797593 0.513097 0.317139
UV: 0.702148 0.939294

Position: -0.213457 1.12626 -0.31027
Normal: -0.797593 0.513097 0.317139
UV: 0.759231 0.941428

Position: -0.333179 0.842415 -0.152128
Normal: -0.797593 0.513097 0.317139
UV: 0.677672 0.909679

Position: -0.213457 1.12626 -0.31027
Normal: 0.305698 0.595498 0.742921
UV: 0.01 0.888559

Position: -0.0937353 0.900976 -0.178951
Normal: 0.305698 0.595498 0.742921
UV: 0.0702088 0.930483

Position: -0.213457 0.937578 -0.159026
Normal: 0.305698 0.595498 0.742921
UV: 0.0664534 0.897274

Position: -0.377195 -0.149562 -0.246112
Normal: -0.258856 -0.400924 -0.87878
UV: 0.01 0.581876

Position: -0.224865 -0.150379 -0.29061
Normal: -0.258856 -0.400924 -0.87878
UV: 0.0196737 0.621794

Position: -0.26232 0.253177 -0.463691
Normal: -0.258856 -0.400924 -0.87878
UV: 0.130761 0.589878

Position: -0.26232 0.253177 -0.463691
Normal: -0.50212 -0.295803 -0.812635
UV: 0.130761 0.589878

Position: -0.416698 0.268974 -0.374052
Normal: -0.50212 -0.295803 -0.812635
UV: 0.122811 0.549063

Position: -0.377195 -0.149562 -0.246112
Normal: -0.50212 -0.295803 -0.812635
UV: 0.01 0.581876

Position: -0.224865 -0.150379 -0.29061
Normal: 0.227874 -0.395707 -0.889657
UV: 0.0196737 0.621794

Position: -0.0497196 -0.149562 -0.246112
Normal: 0.227874 -0.395707 -0.889657
UV: 0.026864 0.668456

Position: 0.0389935 0.263173 -0.406968
Normal: 0.227874 -0.395707 -0.889657
UV: 0.146278 0.66954

Position: 0.0389935 0.263173 -0.406968
Normal: 0.183585 -0.373026 -0.909477
UV: 0.146278 0.66954

Position: -0.26232 0.253177 -0.463691
Normal: 0.183585 -0.373026 -0.909477
UV: 0.130761 0.589878

Position: -0.224865 -0.150379 -0.29061
Normal: 0.183585 -0.373026 -0.909477
UV: 0.0196737 0.621794

Position: -0.416698 0.268974 -0.374052
Normal: -0.486669 0.138422 -0.86255
UV: 0.122811 0.549063

Position: -0.26232 0.253177 -0.463691
Normal: -0.486669 0.138422 -0.86255
UV: 0.130761 0.589878

Position: -0.213457 0.897243 -0.387901
Normal: -0.486669 0.138422 -0.86255
UV: 0.297496 0.57081

Position: -0.213457 0.897243 -0.387901
Normal: -0.174875 0.034882 -0.983973
UV: 0.297496 0.57081

Position: -0.304098 0.821143 -0.374489
Normal: -0.174875 0.034882 -0.983973
UV: 0.272399 0.550825

Position: -0.416698 0.268974 -0.374052
Normal: -0.174875 0.034882 -0.983973
UV: 0.122811 0.549063

Position: -0.26232 0.253177 -0.463691
Normal: 0.178973 0.13513 -0.97453
UV: 0.130761 0.589878

Position: 0.0389935 0.263173 -0.406968
Normal: 0.178973 0.13513 -0.97453
UV: 0.146278 0.66954

Position: -0.125244 0.904233 -0.34824
Normal: 0.178973 0.13513 -0.97453
UV: 0.302039 0.594132

Position: -0.125244 0.904233 -0.34824
Normal: 0.403796 0.0766414 -0.911633
UV: 0.302039 0.594132

Position: -0.213457 0.897243 -0.387901
Normal: 0.403796 0.0766414 -0.911633
UV: 0.297496 0.57081

Position: -0.26232 0.253177 -0.463691
Normal: 0.403796 0.0766414 -0.911633
UV: 0.130761 0.589878

Position: -0.0497196 -0.149562 -0.246112
Normal: 0.93918 -0.268994 -0.213502
UV: 0.352839 0.796703

Position: -0.00914603 -0.149107 -0.0682051
Normal: 0.93918 -0.268994 -0.213502
UV: 0.359178 0.749204

Position: 0.104387 0.309141 -0.146133
Normal: 0.93918 -0.268994 -0.213502
UV: 0.234045 0.753362

Position: 0.104387 0.309141 -0.146133
Normal: 0.942704 -0.275793 -0.187741
UV: 0.234045 0.753362

Position: 0.0389935 0.263173 -0.406968
Normal: 0.942704 -0.275793 -0.187741
UV: 0.236842 0.824647

Position: -0.0497196 -0.149562 -0.246112
Normal: 0.942704 -0.275793 -0.187741
UV: 0.352839 0.796703

Position: -0.00914603 -0.149107 -0.0682051
Normal: 0.969048 -0.150421 0.195753
UV: 0.359178 0.749204

Position: -0.0497196 -0.149399 0.132424
Normal: 0.969048 -0.150421 0.195753
UV: 0.366541 0.695668

Position: 0.0389935 0.348225 0.0756462
Normal: 0.969048 -0.150421 0.195753
UV: 0.231667 0.692752

Position: 0.0389935 0.348225 0.0756462
Normal: 0.934606 -0.179316 0.307178
UV: 0.231667 0.692752

Position: 0.104387 0.309141 -0.146133
Normal: 0.934606 -0.179316 0.307178
UV: 0.234045 0.753362

Position: -0.00914603 -0.149107 -0.0682051
Normal: 0.934606 -0.179316 0.307178
UV: 0.359178 0.749204

Position: 0.0389935 0.263173 -0.406968
Normal: 0.929384 0.244904 -0.276165
UV: 0.236842 0.824647

Position: 0.104387 0.309141 -0.146133
Normal: 0.929384 0.244904 -0.276165
UV: 0.234045 0.753362

Position: -0.0937353 0.917411 -0.273463
Normal: 0.929384 0.244904 -0.276165
UV: 0.0670782 0.765258

Position: -0.0937353 0.917411 -0.273463
Normal: 0.872167 0.261333 -0.413558
UV: 0.0670782 0.765258

Position: -0.125244 0.904233 -0.34824
Normal: 0.872167 0.261333 -0.413557
UV: 0.0678799 0.785694

Position: 0.0389935 0.263173 -0.406968
Normal: 0.872167 0.261333 -0.413557
UV: 0.236842 0.824647

Position: 0.104387 0.309141 -0.146133
Normal: 0.922349 0.320711 0.215444
UV: 0.234045 0.753362

Position: 0.0389935 0.348225 0.0756462
Normal: 0.922349 0.320711 0.215444
UV: 0.231667 0.692752

Position: -0.0937353 0.900976 -0.178951
Normal: 0.922349 0.320711 0.215444
UV: 0.0748964 0.74063

Position: -0.0937353 0.900976 -0.178951
Normal: 0.945878 0.319724 0.0555962
UV: 0.0748964 0.74063

Position: -0.0937353 0.917411 -0.273463
Normal: 0.945878 0.319724 0.0555962
UV: 0.0670782 0.765258

Position: 0.104387 0.309141 -0.146133
Normal: 0.945878 0.319724 0.0555962
UV: 0.234045 0.753362

Position: -0.0497196 -0.149399 0.132424
Normal: 0.213569 -0.0163952 0.97679
UV: 0.358152 0.986928

Position: -0.213457 -0.148741 0.168235
Normal: 0.213569 -0.0163952 0.97679
UV: 0.366362 0.94357

Position: -0.214218 0.366094 0.177043
Normal: 0.213569 -0.0163952 0.97679
UV: 0.231831 0.922595

Position: -0.214218 0.366094 0.177043
Normal: 0.373837 0.0390858 0.926671
UV: 0.231831 0.922595

Position: 0.0389935 0.348225 0.0756462
Normal: 0.373837 0.0390858 0.926671
UV: 0.221426 0.99

Position: -0.0497196 -0.149399 0.132424
Normal: 0.373837 0.0390858 0.926671
UV: 0.358152 0.986928

Position: -0.213457 -0.148741 0.168235
Normal: -0.213369 0.0731195 0.974232
UV: 0.366362 0.94357

Position: -0.377195 -0.149399 0.132424
Normal: -0.213369 0.0731195 0.974232
UV: 0.371608 0.899754

Position: -0.465908 0.348225 0.0756463
Normal: -0.213369 0.0731195 0.974232
UV: 0.242174 0.855596

Position: -0.465908 0.348225 0.0756463
Normal: -0.372625 -0.0164236 0.927837
UV: 0.242174 0.855596

Position: -0.214218 0.366094 0.177043
Normal: -0.372625 -0.0164236 0.927837
UV: 0.231831 0.922595

Position: -0.213457 -0.148741 0.168235
Normal: -0.372625 -0.0164236 0.927837
UV: 0.366362 0.94357

Position: 0.0389935 0.348225 0.0756462
Normal: 0.356047 0.473339 0.805717
UV: 0.221426 0.99

Position: -0.214218 0.366094 0.177043
Normal: 0.356047 0.473339 0.805717
UV: 0.231831 0.922595

Position: -0.213457 0.937578 -0.159026
Normal: 0.356047 0.473339 0.805717
UV: 0.0664534 0.897274

Position: -0.213457 0.937578 -0.159026
Normal: 0.28006 0.456279 0.844616
UV: 0.0664534 0.897274

Position: -0.0937353 0.900976 -0.178951
Normal: 0.28006 0.456279 0.844616
UV: 0.0702088 0.930483

Position: 0.0389935 0.348225 0.0756462
Normal: 0.28006 0.456279 0.844616
UV: 0.221426 0.99

Position: -0.214218 0.366094 0.177043
Normal: -0.358553 0.46846 0.807456
UV: 0.231831 0.922595

Position: -0.465908 0.348225 0.0756463
Normal: -0.358553 0.46846 0.807456
UV: 0.242174 0.855596

Position: -0.333179 0.842415 -0.152128
Normal: -0.358553 0.46846 0.807456
UV: 0.0966398 0.869304

Position: -0.333179 0.842415 -0.152128
Normal: -0.333332 0.478249 0.812507
UV: 0.0966398 0.869304

Position: -0.213457 0.937578 -0.159026
Normal: -0.333332 0.478249 0.812507
UV: 0.0664534 0.897274

Position: -0.214218 0.366094 0.177043
Normal: -0.333332 0.478249 0.812507
UV: 0.231831 0.922595

Position: -0.377195 -0.149399 0.132424
Normal: -0.968717 -0.197349 0.150472
UV: 0.402557 0.870258

Position: -0.411662 -0.1495 -0.0896017
Normal: -0.968717 -0.197349 0.150472
UV: 0.410702 0.929504

Position: -0.51621 0.305699 -0.165661
Normal: -0.968717 -0.197349 0.150472
UV: 0.53496 0.933044

Position: -0.51621 0.305699 -0.165661
Normal: -0.96304 -0.145847 0.226455
UV: 0.53496 0.933044

Position: -0.465908 0.348225 0.0756463
Normal: -0.96304 -0.145847 0.226455
UV: 0.537426 0.867092

Position: -0.377195 -0.149399 0.132424
Normal: -0.96304 -0.145847 0.226455
UV: 0.402557 0.870258

Position: -0.411662 -0.1495 -0.0896017
Normal: -0.964661 -0.155969 -0.212377
UV: 0.410702 0.929504

Position: -0.377195 -0.149562 -0.246112
Normal: -0.96466 -0.155969 -0.212377
UV: 0.416446 0.971267

Position: -0.416698 0.268974 -0.374052
Normal: -0.96466 -0.155969 -0.212377
UV: 0.532831 0.99

Position: -0.416698 0.268974 -0.374052
Normal: -0.887144 -0.266688 -0.376635
UV: 0.532831 0.99

Position: -0.51621 0.305699 -0.165661
Normal: -0.887144 -0.266688 -0.376635
UV: 0.53496 0.933044

Position: -0.411662 -0.1495 -0.0896017
Normal: -0.887144 -0.266688 -0.376635
UV: 0.410702 0.929504

Position: -0.465908 0.348225 0.0756463
Normal: -0.941147 0.306653 0.142147
UV: 0.537426 0.867092

Position: -0.51621 0.305699 -0.165661
Normal: -0.941147 0.306653 0.142147
UV: 0.53496 0.933044

Position: -0.333179 0.917411 -0.273463
Normal: -0.941147 0.306653 0.142147
UV: 0.702148 0.939294

Position: -0.333179 0.917411 -0.273463
Normal: -0.914801 0.343573 0.212359
UV: 0.702148 0.939294

Position: -0.333179 0.842415 -0.152128
Normal: -0.914801 0.343573 0.212359
UV: 0.677672 0.909679

Position: -0.465908 0.348225 0.0756463
Normal: -0.914801 0.343573 0.212359
UV: 0.537426 0.867092

Position: -0.51621 0.305699 -0.165661
Normal: -0.87538 0.178154 -0.449412
UV: 0.53496 0.933044

Position: -0.416698 0.268974 -0.374052
Normal: -0.87538 0.178154 -0.449412
UV: 0.532831 0.99

Position: -0.304098 0.821143 -0.374489
Normal: -0.87538 0.178154 -0.449412
UV: 0.68018 0.969794

Position: -0.304098 0.821143 -0.374489
Normal: -0.881839 0.187615 -0.432622
UV: 0.68018 0.969794

Position: -0.333179 0.917411 -0.273463
Normal: -0.881839 0.187615 -0.432621
UV: 0.702148 0.939294

Position: -0.51621 0.305699 -0.165661
Normal: -0.881839 0.187615 -0.432622
UV: 0.53496 0.933044

Position: -0.213457 1.12626 -0.31027
Normal: 0.857406 0.507032 0.0881668
UV: 0.01 0.767498

Position: -0.0937353 0.917411 -0.273463
Normal: 0.857406 0.507032 0.0881668
UV: 0.0670782 0.765258

Position: -0.0937353 0.900976 -0.178951
Normal: 0.857406 0.507032 0.0881668
UV: 0.0748964 0.74063

Position: -0.125244 0.904233 -0.34824
Normal: 0.818984 0.396344 -0.414941
UV: 0.0678799 0.785694

Position: -0.0937353 0.917411 -0.273463
Normal: 0.818984 0.396344 -0.414941
UV: 0.0670782 0.765258

Position: -0.213457 1.12626 -0.31027
Normal: 0.818984 0.396344 -0.414941
UV: 0.01 0.767498

Position: -0.304098 0.821143 -0.374489
Normal: -0.37908 0.297066 -0.876385
UV: 0.272399 0.550825

Position: -0.213457 0.897243 -0.387901
Normal: -0.37908 0.297066 -0.876385
UV: 0.297496 0.57081

Position: -0.213457 1.12626 -0.31027
Normal: -0.37908 0.297066 -0.876385
UV: 0.353565 0.559889

Position: -0.213457 1.12626 -0.31027
Normal: -0.41202 0.569884 0.710965
UV: 0.01 0.888559

Position: -0.213457 0.937578 -0.159026
Normal: -0.41202 0.569884 0.710966
UV: 0.0664534 0.897274

Position: -0.333179 0.842415 -0.152128
Normal: -0.41202 0.569884 0.710965
UV: 0.0966398 0.869304

Position: -0.351788 -0.145766 0.190881
Normal: 0.00506947 -0.999982 -0.00310407
UV: 0.688397 0.0571272

Position: -0.283867 -0.145806 0.314433
Normal: 0.00506947 -0.999982 -0.00310407
UV: 0.662052 0.0303944

Position: -0.166338 -0.145386 0.371102
Normal: 0.00506947 -0.999982 -0.00310407
UV: 0.627534 0.0242956

Position: -0.313344 -0.145727 0.0407828
Normal: 0.00184744 -0.999998 0.000211491
UV: 0.688994 0.0982614

Position: -0.351788 -0.145766 0.190881
Normal: 0.00184744 -0.999998 0.000211491
UV: 0.688397 0.0571272

Position: -0.166338 -0.145386 0.371102
Normal: 0.00184744 -0.999998 0.000211491
UV: 0.627534 0.0242956

Position: -0.313344 -0.145727 0.0407828
Normal: 0.00378659 -0.999993 -0.000651519
UV: 0.688994 0.0982614

Position: -0.166338 -0.145386 0.371102
Normal: 0.00378659 -0.999993 -0.000651519
UV: 0.627534 0.0242956

Position: -0.0585873 -0.144966 0.353107
Normal: 0.00378659 -0.999993 -0.000651519
UV: 0.600817 0.0365905

Position: -0.313344 -0.145727 0.0407828
Normal: 0.00517944 -0.999985 -0.00178766
UV: 0.688994 0.0982614

Position: -0.0585873 -0.144966 0.353107
Normal: 0.00517944 -0.999985 -0.00178766
UV: 0.600817 0.0365905

Position: -0.0390834 -0.144683 0.251126
Normal: 0.00517944 -0.999985 -0.00178766
UV: 0.602937 0.0640532

Position: -0.0390834 -0.144683 0.251126
Normal: 0.00552127 -0.99998 -0.00295695
UV: 0.602937 0.0640532

Position: -0.0681812 -0.144399 0.101027
Normal: 0.00552128 -0.99998 -0.00295695
UV: 0.621069 0.100342

Position: -0.217311 -0.145063 0.0470585
Normal: 0.00552128 -0.99998 -0.00295695
UV: 0.663606 0.1035

Position: -0.313344 -0.145727 0.0407828
Normal: 0.0072019 -0.999964 -0.0044248
UV: 0.688994 0.0982614

Position: -0.0390834 -0.144683 0.251126
Normal: 0.0072019 -0.999964 -0.0044248
UV: 0.602937 0.0640532

Position: -0.217311 -0.145063 0.0470585
Normal: 0.0072019 -0.999964 -0.0044248
UV: 0.663606 0.1035

Position: -0.129445 0.558007 0.2838
Normal: -0.0683619 0.755505 0.651567
UV: 0.595086 0.475426

Position: -0.0658944 0.512266 0.343505
Normal: -0.0683619 0.755505 0.651567
UV: 0.581515 0.457217

Position: -0.154308 0.495563 0.353596
Normal: -0.0683619 0.755505 0.651567
UV: 0.574805 0.480587

Position: -0.242722 0.478859 0.363688
Normal: -0.0683625 0.755505 0.651566
UV: 0.568095 0.503957

Position: -0.217311 -0.145063 0.0470585
Normal: -0.290488 -0.0614397 -0.954904
UV: 0.620645 0.46902

Position: -0.191101 0.178537 0.0182643
Normal: -0.290488 -0.0614397 -0.954904
UV: 0.707831 0.476079

Position: -0.348119 0.09417 0.0714587
Normal: -0.290488 -0.0614397 -0.954904
UV: 0.682964 0.433786

Position: -0.348119 0.09417 0.0714587
Normal: 0.0636732 0.135657 -0.988708
UV: 0.682964 0.433786

Position: -0.313344 -0.145727 0.0407828
Normal: 0.0636732 0.135657 -0.988708
UV: 0.620762 0.443153

Position: -0.217311 -0.145063 0.0470585
Normal: 0.0636733 0.135657 -0.988708
UV: 0.620645 0.46902

Position: -0.342693 0.333996 0.0784189
Normal: -0.187597 0.688256 -0.700793
UV: 0.962051 0.742203

Position: -0.162925 0.374722 0.070294
Normal: -0.187597 0.688256 -0.700793
UV: 0.91363 0.741951

Position: -0.223426 0.484123 0.193933
Normal: -0.187597 0.688256 -0.700793
UV: 0.929926 0.779863

Position: -0.0681812 -0.144399 0.101027
Normal: 0.95661 -0.224389 -0.18587
UV: 0.395953 0.204503

Position: -0.0390834 -0.144683 0.251126
Normal: 0.95661 -0.224389 -0.18587
UV: 0.396602 0.244928

Position: 0.0200167 0.125576 0.229028
Normal: 0.95661 -0.224389 -0.18587
UV: 0.469278 0.237671

Position: 0.0200167 0.125576 0.229028
Normal: 0.951308 -0.19929 -0.235154
UV: 0.469278 0.237671

Position: -0.00631771 0.135466 0.114111
Normal: 0.951308 -0.19929 -0.235154
UV: 0.471386 0.206675

Position: -0.0681812 -0.144399 0.101027
Normal: 0.951308 -0.19929 -0.235154
UV: 0.395953 0.204503

Position: 0.00889115 0.395912 0.234747
Normal: 0.888099 0.436676 0.143507
UV: 0.542109 0.237905

Position: -0.0562464 0.520538 0.258627
Normal: 0.888099 0.436676 0.143507
UV: 0.575788 0.243735

Position: -0.0465984 0.52881 0.17375
Normal: 0.888099 0.436676 0.143507
UV: 0.577605 0.220837

Position: -0.0465984 0.52881 0.17375
Normal: 0.923358 0.383925 -0.00350334
UV: 0.577605 0.220837

Position: -0.0175691 0.458433 0.112354
Normal: 0.923358 0.383925 -0.00350334
UV: 0.558356 0.204642

Position: 0.00889115 0.395912 0.234747
Normal: 0.923358 0.383925 -0.00350334
UV: 0.542109 0.237905

Position: -0.0585873 -0.144966 0.353107
Normal: 0.164152 -0.109236 0.980368
UV: 0.407389 0.441883

Position: -0.166338 -0.145386 0.371102
Normal: 0.164152 -0.109236 0.980368
UV: 0.404219 0.470748

Position: -0.174065 0.059866 0.395265
Normal: 0.164152 -0.109236 0.980368
UV: 0.457219 0.476902

Position: -0.174065 0.059866 0.395265
Normal: 0.083958 -0.155256 0.9843
UV: 0.457219 0.476902

Position: -0.0170465 0.115686 0.390677
Normal: 0.083958 -0.155256 0.9843
UV: 0.475433 0.435882

Position: -0.0585873 -0.144966 0.353107
Normal: 0.083958 -0.155256 0.9843
UV: 0.407389 0.441883

Position: -0.146323 0.354811 0.458496
Normal: -0.0211595 0.596669 0.802208
UV: 0.532853 0.475211

Position: -0.154308 0.495563 0.353596
Normal: -0.0211595 0.596669 0.802208
UV: 0.574805 0.480587

Position: -0.0658944 0.512266 0.343505
Normal: -0.0211595 0.596669 0.802208
UV: 0.581515 0.457217

Position: -0.0658944 0.512266 0.343505
Normal: 0.21783 0.500602 0.837823
UV: 0.581515 0.457217

Position: 0.000939056 0.376374 0.407324
Normal: 0.21783 0.500602 0.837823
UV: 0.543976 0.436282

Position: -0.146323 0.354811 0.458496
Normal: 0.21783 0.500602 0.837823
UV: 0.532853 0.475211

Position: -0.283867 -0.145806 0.314433
Normal: -0.851944 -0.234338 0.468271
UV: 0.368689 0.270721

Position: -0.351788 -0.145766 0.190881
Normal: -0.851944 -0.234338 0.468271
UV: 0.370517 0.237492

Position: -0.389933 0.0939661 0.241453
Normal: -0.851944 -0.234337 0.468271
UV: 0.305291 0.247524

Position: -0.389933 0.0939661 0.241453
Normal: -0.879186 -0.26927 0.393097
UV: 0.305291 0.247524

Position: -0.331083 0.0937624 0.372934
Normal: -0.879186 -0.26927 0.393097
UV: 0.303388 0.282888

Position: -0.283867 -0.145806 0.314433
Normal: -0.879186 -0.26927 0.393097
UV: 0.368689 0.270721

Position: -0.335628 0.333248 0.392099
Normal: -0.831551 0.548117 0.0899516
UV: 0.238695 0.284476

Position: -0.350645 0.333622 0.250996
Normal: -0.831551 0.548117 0.0899516
UV: 0.240695 0.246523

Position: -0.242722 0.478859 0.363688
Normal: -0.831551 0.548117 0.0899516
UV: 0.199958 0.274668

Position: -0.129445 0.558007 0.2838
Normal: 0.488786 0.86118 0.139488
UV: 0.904612 0.807155

Position: -0.0465984 0.52881 0.17375
Normal: 0.488786 0.86118 0.139488
UV: 0.882297 0.776598

Position: -0.0562464 0.520538 0.258627
Normal: 0.488786 0.86118 0.139488
UV: 0.884896 0.798726

Position: -0.0658944 0.512266 0.343505
Normal: 0.488786 0.86118 0.139489
UV: 0.887494 0.820854

Position: -0.242722 0.478859 0.363688
Normal: -0.592138 0.804723 -0.0423533
UV: 0.935123 0.824647

Position: -0.223426 0.484123 0.193933
Normal: -0.592138 0.804723 -0.0423533
UV: 0.929926 0.779863

Position: -0.129445 0.558007 0.2838
Normal: -0.592138 0.804723 -0.0423533
UV: 0.904612 0.807155

Position: -0.129445 0.558007 0.2838
Normal: -0.267031 0.862508 -0.429854
UV: 0.904612 0.807155

Position: -0.223426 0.484123 0.193933
Normal: -0.267031 0.862508 -0.429854
UV: 0.929926 0.779863

Position: -0.0465984 0.52881 0.17375
Normal: -0.267031 0.862508 -0.429854
UV: 0.882297 0.776598

Position: -0.283867 -0.145806 0.314433
Normal: -0.192186 -0.268383 0.943947
UV: 0.404327 0.502506

Position: -0.331083 0.0937624 0.372934
Normal: -0.192186 -0.268383 0.943947
UV: 0.46399 0.519839

Position: -0.174065 0.059866 0.395265
Normal: -0.192186 -0.268383 0.943947
UV: 0.457219 0.476902

Position: -0.174065 0.059866 0.395265
Normal: -0.430746 -0.121494 0.894258
UV: 0.457219 0.476902

Position: -0.166338 -0.145386 0.371102
Normal: -0.430746 -0.121494 0.894258
UV: 0.404219 0.470748

Position: -0.283867 -0.145806 0.314433
Normal: -0.430746 -0.121494 0.894258
UV: 0.404327 0.502506

Position: -0.146323 0.354811 0.458496
Normal: -0.344142 0.38653 0.855664
UV: 0.532853 0.475211

Position: -0.335628 0.333248 0.392099
Normal: -0.344142 0.38653 0.855664
UV: 0.526344 0.525851

Position: -0.242722 0.478859 0.363688
Normal: -0.344142 0.38653 0.855664
UV: 0.568095 0.503957

Position: -0.242722 0.478859 0.363688
Normal: -0.0211597 0.596669 0.802208
UV: 0.568095 0.503957

Position: -0.0585873 -0.144966 0.353107
Normal: 0.96059 -0.183222 0.209036
UV: 0.397018 0.272393

Position: -0.0170465 0.115686 0.390677
Normal: 0.96059 -0.183222 0.209036
UV: 0.467395 0.281252

Position: 0.0200167 0.125576 0.229028
Normal: 0.96059 -0.183222 0.209036
UV: 0.469278 0.237671

Position: 0.0200167 0.125576 0.229028
Normal: 0.963319 -0.195639 0.183691
UV: 0.469278 0.237671

Position: -0.0390834 -0.144683 0.251126
Normal: 0.963319 -0.195639 0.183691
UV: 0.396602 0.244928

Position: -0.0585873 -0.144966 0.353107
Normal: 0.963319 -0.195639 0.183691
UV: 0.397018 0.272393

Position: 0.00889115 0.395912 0.234747
Normal: 0.875168 0.47459 0.0940539
UV: 0.542109 0.237905

Position: 0.000939056 0.376374 0.407324
Normal: 0.875168 0.47459 0.0940539
UV: 0.537681 0.284476

Position: -0.0658944 0.512266 0.343505
Normal: 0.875168 0.47459 0.0940539
UV: 0.57397 0.266633

Position: -0.0658944 0.512266 0.343505
Normal: 0.888099 0.436676 0.143507
UV: 0.57397 0.266633

Position: -0.0681812 -0.144399 0.101027
Normal: 0.449071 -0.0575806 -0.891638
UV: 0.618298 0.509188

Position: -0.00631771 0.135466 0.114111
Normal: 0.449072 -0.0575806 -0.891639
UV: 0.691925 0.525851

Position: -0.191101 0.178537 0.0182643
Normal: 0.449072 -0.0575806 -0.891639
UV: 0.707831 0.476079

Position: -0.191101 0.178537 0.0182643
Normal: 0.338641 -0.110572 -0.934396
UV: 0.707831 0.476079

Position: -0.217311 -0.145063 0.0470585
Normal: 0.338642 -0.110572 -0.934396
UV: 0.620645 0.46902

Position: -0.0681812 -0.144399 0.101027
Normal: 0.338641 -0.110572 -0.934396
UV: 0.618298 0.509188

Position: -0.351788 -0.145766 0.190881
Normal: -0.963051 -0.108057 -0.246692
UV: 0.370517 0.237492

Position: -0.313344 -0.145727 0.0407828
Normal: -0.963051 -0.108057 -0.246692
UV: 0.372741 0.197124

Position: -0.348119 0.09417 0.0714587
Normal: -0.963051 -0.108057 -0.246692
UV: 0.307766 0.201802

Position: -0.348119 0.09417 0.0714587
Normal: -0.965809 -0.103532 -0.237685
UV: 0.307766 0.201802

Position: -0.389933 0.0939661 0.241453
Normal: -0.965809 -0.103532 -0.237685
UV: 0.305291 0.247524

Position: -0.351788 -0.145766 0.190881
Normal: -0.965809 -0.103532 -0.237685
UV: 0.370517 0.237492

Position: -0.191101 0.178537 0.0182643
Normal: -0.104196 0.268904 -0.957514
UV: 0.707831 0.476079

Position: -0.162925 0.374722 0.070294
Normal: -0.104196 0.268904 -0.957514
UV: 0.757439 0.483669

Position: -0.342693 0.333996 0.0784189
Normal: -0.104196 0.268904 -0.957514
UV: 0.746256 0.435248

Position: -0.342693 0.333996 0.0784189
Normal: -0.337457 0.0349352 -0.940692
UV: 0.746256 0.435248

Position: -0.348119 0.09417 0.0714587
Normal: -0.337457 0.0349352 -0.940692
UV: 0.682964 0.433786

Position: -0.191101 0.178537 0.0182643
Normal: -0.337457 0.0349352 -0.940692
UV: 0.707831 0.476079

Position: 0.00889115 0.395912 0.234747
Normal: 0.980242 0.033088 -0.195017
UV: 0.542109 0.237905

Position: -0.0175691 0.458433 0.112354
Normal: 0.980242 0.033088 -0.195017
UV: 0.558356 0.204642

Position: -0.00631771 0.135466 0.114111
Normal: 0.980242 0.033088 -0.195017
UV: 0.471386 0.206675

Position: -0.00631771 0.135466 0.114111
Normal: 0.974589 0.0447516 -0.219486
UV: 0.471386 0.206675

Position: 0.0200167 0.125576 0.229028
Normal: 0.974589 0.0447516 -0.219486
UV: 0.469278 0.237671

Position: 0.00889115 0.395912 0.234747
Normal: 0.974589 0.0447516 -0.219486
UV: 0.542109 0.237905

Position: -0.146323 0.354811 0.458496
Normal: 0.337943 -0.0831823 0.937484
UV: 0.532853 0.475211

Position: 0.000939056 0.376374 0.407324
Normal: 0.337943 -0.0831823 0.937484
UV: 0.543976 0.436282

Position: -0.0170465 0.115686 0.390677
Normal: 0.337943 -0.0831822 0.937484
UV: 0.475433 0.435882

Position: -0.0170465 0.115686 0.390677
Normal: 0.105832 -0.217946 0.970206
UV: 0.475433 0.435882

Position: -0.174065 0.059866 0.395265
Normal: 0.105832 -0.217946 0.970206
UV: 0.457219 0.476902

Position: -0.146323 0.354811 0.458496
Normal: 0.105832 -0.217946 0.970206
UV: 0.532853 0.475211

Position: -0.350645 0.333622 0.250996
Normal: -0.994021 -0.0273241 0.105718
UV: 0.240695 0.246523

Position: -0.335628 0.333248 0.392099
Normal: -0.994021 -0.0273241 0.105718
UV: 0.238695 0.284476

Position: -0.331083 0.0937624 0.372934
Normal: -0.994021 -0.0273241 0.105718
UV: 0.303388 0.282888

Position: -0.331083 0.0937624 0.372934
Normal: -0.904659 0.132172 0.40512
UV: 0.303388 0.282888

Position: -0.389933 0.0939661 0.241453
Normal: -0.904659 0.132172 0.40512
UV: 0.305291 0.247524

Position: -0.350645 0.333622 0.250996
Normal: -0.904659 0.132172 0.40512
UV: 0.240695 0.246523

Position: -0.335628 0.333248 0.392099
Normal: -0.308608 -0.171544 0.935593
UV: 0.526344 0.525851

Position: -0.146323 0.354811 0.458496
Normal: -0.308608 -0.171544 0.935593
UV: 0.532853 0.475211

Position: -0.174065 0.059866 0.395265
Normal: -0.308608 -0.171544 0.935593
UV: 0.457219 0.476902

Position: -0.174065 0.059866 0.395265
Normal: -0.157607 -0.0817441 0.984113
UV: 0.457219 0.476902

Position: -0.331083 0.0937624 0.372934
Normal: -0.157607 -0.0817441 0.984113
UV: 0.46399 0.519839

Position: -0.335628 0.333248 0.392099
Normal: -0.157607 -0.081744 0.984113
UV: 0.526344 0.525851

Position: 0.000939056 0.376374 0.407324
Normal: 0.997922 0.0400007 0.050511
UV: 0.537681 0.284476

Position: 0.00889115 0.395912 0.234747
Normal: 0.997922 0.0400007 0.050511
UV: 0.542109 0.237905

Position: 0.0200167 0.125576 0.229028
Normal: 0.997922 0.0400007 0.050511
UV: 0.469278 0.237671

Position: 0.0200167 0.125576 0.229028
Normal: 0.972571 -0.0810238 0.218036
UV: 0.469278 0.237671

Position: -0.0170465 0.115686 0.390677
Normal: 0.972571 -0.0810238 0.218036
UV: 0.467395 0.281252

Position: 0.000939056 0.376374 0.407324
Normal: 0.972571 -0.0810238 0.218036
UV: 0.537681 0.284476

Position: -0.00631771 0.135466 0.114111
Normal: 0.483522 0.158848 -0.860798
UV: 0.691925 0.525851

Position: -0.162925 0.374722 0.070294
Normal: 0.483522 0.158848 -0.860798
UV: 0.757439 0.483669

Position: -0.191101 0.178537 0.0182643
Normal: 0.483522 0.158848 -0.860798
UV: 0.707831 0.476079

Position: -0.342693 0.333996 0.0784189
Normal: -0.985538 0.163357 -0.0450576
UV: 0.243164 0.200104

Position: -0.350645 0.333622 0.250996
Normal: -0.985538 0.163357 -0.0450576
UV: 0.240695 0.246523

Position: -0.389933 0.0939661 0.241453
Normal: -0.985538 0.163357 -0.0450576
UV: 0.305291 0.247524

Position: -0.389933 0.0939661 0.241453
Normal: -0.970659 0.0288884 -0.238719
UV: 0.305291 0.247524

Position: -0.348119 0.09417 0.0714587
Normal: -0.970659 0.0288884 -0.238719
UV: 0.307766 0.201802

Position: -0.342693 0.333996 0.0784189
Normal: -0.970659 0.0288884 -0.238719
UV: 0.243164 0.200104

Position: -0.00631771 0.135466 0.114111
Normal: 0.275628 0.00437101 -0.961255
UV: 0.691925 0.525851

Position: -0.0175691 0.458433 0.112354
Normal: 0.275628 0.00437101 -0.961254
UV: 0.777678 0.52282

Position: -0.162925 0.374722 0.070294
Normal: 0.275628 0.00437101 -0.961254
UV: 0.757439 0.483669

Position: -0.350645 0.333622 0.250996
Normal: -0.769596 0.637621 -0.0340801
UV: 0.240695 0.246523

Position: -0.342693 0.333996 0.0784189
Normal: -0.769596 0.637621 -0.0340801
UV: 0.243164 0.200104

Position: -0.223426 0.484123 0.193933
Normal: -0.769596 0.637621 -0.0340801
UV: 0.201069 0.228936

Position: -0.223426 0.484123 0.193933
Normal: -0.774573 0.628759 -0.0685473
UV: 0.201069 0.228936

Position: -0.242722 0.478859 0.363688
Normal: -0.774573 0.628759 -0.0685473
UV: 0.199958 0.274668

Position: -0.350645 0.333622 0.250996
Normal: -0.774573 0.628759 -0.0685473
UV: 0.240695 0.246523

Position: -0.162925 0.374722 0.070294
Normal: -0.133146 0.619783 -0.773396
UV: 0.91363 0.741951

Position: -0.0175691 0.458433 0.112354
Normal: -0.133146 0.619783 -0.773396
UV: 0.874478 0.757022

Position: -0.0465984 0.52881 0.17375
Normal: -0.133146 0.619783 -0.773396
UV: 0.882297 0.776598

Position: -0.0465984 0.52881 0.17375
Normal: -0.248036 0.662075 -0.707202
UV: 0.882297 0.776598

Position: -0.223426 0.484123 0.193933
Normal: -0.248036 0.662075 -0.707202
UV: 0.929926 0.779863

Position: -0.162925 0.374722 0.070294
Normal: -0.248036 0.662075 -0.707202
UV: 0.91363 0.741951

Position: -0.00985376 -0.144015 0.202385
Normal: -0.00401695 -0.999981 -0.00460346
UV: 0.972096 0.1035

Position: 0.064288 -0.144413 0.224043
Normal: -0.00401695 -0.999981 -0.00460346
UV: 0.98222 0.0853583

Position: 0.0698404 -0.143985 0.126209
Normal: -0.00401695 -0.999981 -0.00460346
UV: 0.95731 0.0779968

Position: 0.0698404 -0.143985 0.126209
Normal: 0 -1 -0.000401009
UV: 0.95731 0.0779968

Position: -0.0266294 -0.143985 0.126209
Normal: 0 -1 -0.000401009
UV: 0.951393 0.103298

Position: -0.00985376 -0.144015 0.202385
Normal: 0 -1 -0.000401009
UV: 0.972096 0.1035

Position: 0.064288 -0.144413 0.224043
Normal: 0.00425953 -0.99999 -0.0015892
UV: 0.98222 0.0853583

Position: 0.149535 -0.144015 0.202385
Normal: 0.00425953 -0.99999 -0.0015892
UV: 0.981873 0.0616962

Position: 0.169283 -0.143793 0.115795
Normal: 0.00425953 -0.99999 -0.0015892
UV: 0.960728 0.0512885

Position: 0.169283 -0.143793 0.115795
Normal: 0.00147305 -0.99999 -0.00429192
UV: 0.960728 0.0512885

Position: 0.0698404 -0.143985 0.126209
Normal: 0.00147305 -0.99999 -0.00429192
UV: 0.95731 0.0779968

Position: 0.064288 -0.144413 0.224043
Normal: 0.00147305 -0.99999 -0.00429192
UV: 0.98222 0.0853583

Position: -0.0266294 -0.143985 0.126209
Normal: 0 -0.999996 -0.00294142
UV: 0.951393 0.103298

Position: 0.0698404 -0.143985 0.126209
Normal: 0 -0.999996 -0.00294142
UV: 0.95731 0.0779968

Position: 0.0698404 -0.143615 0.000714928
Normal: 0 -0.999996 -0.00294142
UV: 0.924912 0.07042

Position: 0.0698404 -0.143615 0.000714928
Normal: 0.00405287 -0.999992 0.000174119
UV: 0.924912 0.07042

Position: -0.00985376 -0.143935 0.0181449
Normal: 0.00405287 -0.999992 0.000174119
UV: 0.924512 0.0923713

Position: -0.0266294 -0.143985 0.126209
Normal: 0.00405287 -0.999992 0.000174119
UV: 0.951393 0.103298

Position: 0.0698404 -0.143985 0.126209
Normal: 0.00203177 -0.999997 0.00104306
UV: 0.95731 0.0779968

Position: 0.169283 -0.143793 0.115795
Normal: 0.00203177 -0.999997 0.00104306
UV: 0.960728 0.0512885

Position: 0.149535 -0.143935 0.0181449
Normal: 0.00203177 -0.999997 0.00104306
UV: 0.934288 0.0505677

Position: 0.149535 -0.143935 0.0181449
Normal: -0.00337109 -0.99999 -0.0029414
UV: 0.934288 0.0505677

Position: 0.0698404 -0.143615 0.000714928
Normal: -0.00337109 -0.99999 -0.0029414
UV: 0.924912 0.07042

Position: 0.0698404 -0.143985 0.126209
Normal: -0.00337109 -0.99999 -0.0029414
UV: 0.95731 0.0779968

Position: 0.0257239 0.328446 0.264869
Normal: -0.764681 0.3421 0.546105
UV: 0.735688 0.234129

Position: 0.0115696 0.375301 0.215698
Normal: -0.764681 0.3421 0.546105
UV: 0.746457 0.248918

Position: 0.0698404 0.476953 0.233612
Normal: -0.764681 0.3421 0.546105
UV: 0.774234 0.247735

Position: 0.0698404 0.365485 0.271397
Normal: 0.371685 0.298028 0.879221
UV: 0.631785 0.148455

Position: 0.0698404 0.476953 0.233612
Normal: 0.371684 0.298028 0.879221
UV: 0.600817 0.143674

Position: 0.112776 0.368887 0.252093
Normal: 0.371685 0.298028 0.879221
UV: 0.628237 0.159608

Position: 0.0115696 0.375301 0.215698
Normal: -0.797592 0.513097 -0.31714
UV: 0.746457 0.248918

Position: 0.0115696 0.338799 0.156642
Normal: -0.797592 0.513097 -0.31714
UV: 0.734619 0.263394

Position: 0.0698404 0.476953 0.233612
Normal: -0.797592 0.513097 -0.31714
UV: 0.774234 0.247735

Position: 0.0698404 0.476953 0.233612
Normal: 0.305698 0.595498 -0.74292
UV: 0.962051 0.811892

Position: 0.0698404 0.385117 0.159999
Normal: 0.305698 0.595498 -0.74292
UV: 0.962051 0.788072

Position: 0.128111 0.367302 0.169697
Normal: 0.305698 0.595498 -0.74292
UV: 0.946355 0.789812

Position: -0.00985376 -0.144015 0.202385
Normal: -0.50212 -0.295803 0.812635
UV: 0.765442 0.147367

Position: -0.0290808 0.0596944 0.264656
Normal: -0.50212 -0.295803 0.812635
UV: 0.715705 0.134449

Position: 0.046058 0.0520057 0.308285
Normal: -0.50212 -0.295803 0.812635
UV: 0.716648 0.155073

Position: 0.046058 0.0520057 0.308285
Normal: -0.258856 -0.400924 0.87878
UV: 0.716648 0.155073

Position: 0.064288 -0.144413 0.224043
Normal: -0.258856 -0.400924 0.87878
UV: 0.7635 0.167274

Position: -0.00985376 -0.144015 0.202385
Normal: -0.258856 -0.400924 0.87878
UV: 0.765442 0.147367

Position: 0.064288 -0.144413 0.224043
Normal: 0.183586 -0.373026 0.909477
UV: 0.7635 0.167274

Position: 0.046058 0.0520057 0.308285
Normal: 0.183586 -0.373026 0.909477
UV: 0.716648 0.155073

Position: 0.192713 0.0568711 0.280677
Normal: 0.183586 -0.373026 0.909477
UV: 0.708071 0.193718

Position: 0.192713 0.0568711 0.280677
Normal: 0.227874 -0.395707 0.889657
UV: 0.708071 0.193718

Position: 0.149535 -0.144015 0.202385
Normal: 0.227874 -0.395707 0.889657
UV: 0.758892 0.189796

Position: 0.064288 -0.144413 0.224043
Normal: 0.227874 -0.395707 0.889657
UV: 0.7635 0.167274

Position: -0.0290808 0.0596944 0.264656
Normal: -0.174876 0.0348822 0.983972
UV: 0.715705 0.134449

Position: 0.0257239 0.328446 0.264869
Normal: -0.174876 0.0348822 0.983972
UV: 0.643007 0.138163

Position: 0.0698404 0.365485 0.271397
Normal: -0.174876 0.0348822 0.983972
UV: 0.631785 0.148455

Position: 0.0698404 0.365485 0.271397
Normal: -0.48667 0.138422 0.86255
UV: 0.631785 0.148455

Position: 0.046058 0.0520057 0.308285
Normal: -0.48667 0.138422 0.86255
UV: 0.716648 0.155073

Position: -0.0290808 0.0596944 0.264656
Normal: -0.48667 0.138422 0.86255
UV: 0.715705 0.134449

Position: 0.046058 0.0520057 0.308285
Normal: 0.403797 0.0766412 0.911632
UV: 0.716648 0.155073

Position: 0.0698404 0.365485 0.271397
Normal: 0.403797 0.0766412 0.911633
UV: 0.631785 0.148455

Position: 0.112776 0.368887 0.252093
Normal: 0.403797 0.0766412 0.911632
UV: 0.628237 0.159608

Position: 0.112776 0.368887 0.252093
Normal: 0.178974 0.13513 0.97453
UV: 0.628237 0.159608

Position: 0.192713 0.0568711 0.280677
Normal: 0.178974 0.13513 0.97453
UV: 0.708071 0.193718

Position: 0.046058 0.0520057 0.308285
Normal: 0.178974 0.13513 0.97453
UV: 0.716648 0.155073

Position: 0.149535 -0.144015 0.202385
Normal: 0.942704 -0.275793 0.187741
UV: 0.815644 0.343504

Position: 0.192713 0.0568711 0.280677
Normal: 0.942704 -0.275793 0.187741
UV: 0.758734 0.331936

Position: 0.224541 0.0792442 0.153724
Normal: 0.942704 -0.275793 0.187741
UV: 0.758618 0.366658

Position: 0.224541 0.0792442 0.153724
Normal: 0.93918 -0.268994 0.213502
UV: 0.758618 0.366658

Position: 0.169283 -0.143793 0.115795
Normal: 0.93918 -0.268994 0.213502
UV: 0.819556 0.366497

Position: 0.149535 -0.144015 0.202385
Normal: 0.93918 -0.268994 0.213502
UV: 0.815644 0.343504

Position: 0.169283 -0.143793 0.115795
Normal: 0.934606 -0.179316 -0.307178
UV: 0.819556 0.366497

Position: 0.224541 0.0792442 0.153724
Normal: 0.934605 -0.179316 -0.307178
UV: 0.758618 0.366658

Position: 0.192713 0.0982673 0.0457798
Normal: 0.934605 -0.179316 -0.307178
UV: 0.758519 0.396181

Position: 0.192713 0.0982673 0.0457798
Normal: 0.969048 -0.150421 -0.195754
UV: 0.758519 0.396181

Position: 0.149535 -0.143935 0.0181449
Normal: 0.969048 -0.150421 -0.195754
UV: 0.824072 0.392409

Position: 0.169283 -0.143793 0.115795
Normal: 0.969048 -0.150421 -0.195754
UV: 0.819556 0.366497

Position: 0.192713 0.0568711 0.280677
Normal: 0.872167 0.261333 0.413558
UV: 0.758734 0.331936

Position: 0.112776 0.368887 0.252093
Normal: 0.872167 0.261333 0.413558
UV: 0.67723 0.353832

Position: 0.128111 0.375301 0.215698
Normal: 0.872167 0.261333 0.413558
UV: 0.677196 0.363786

Position: 0.128111 0.375301 0.215698
Normal: 0.929384 0.244904 0.276165
UV: 0.677196 0.363786

Position: 0.224541 0.0792442 0.153724
Normal: 0.929384 0.244904 0.276165
UV: 0.758618 0.366658

Position: 0.192713 0.0568711 0.280677
Normal: 0.929384 0.244904 0.276165
UV: 0.758734 0.331936

Position: 0.224541 0.0792442 0.153724
Normal: 0.945878 0.319724 -0.0555964
UV: 0.758618 0.366658

Position: 0.128111 0.375301 0.215698
Normal: 0.945878 0.319724 -0.0555964
UV: 0.677196 0.363786

Position: 0.128111 0.367302 0.169697
Normal: 0.945878 0.319724 -0.0555964
UV: 0.681429 0.375629

Position: 0.128111 0.367302 0.169697
Normal: 0.922349 0.320712 -0.215444
UV: 0.681429 0.375629

Position: 0.192713 0.0982673 0.0457798
Normal: 0.922349 0.320712 -0.215444
UV: 0.758519 0.396181

Position: 0.224541 0.0792442 0.153724
Normal: 0.922349 0.320711 -0.215444
UV: 0.758618 0.366658

Position: 0.149535 -0.143935 0.0181449
Normal: 0.373837 0.0390859 -0.92667
UV: 0.847283 0.384551

Position: 0.192713 0.0982673 0.0457798
Normal: 0.373837 0.0390859 -0.926671
UV: 0.910239 0.396181

Position: 0.0694703 0.106965 -0.00357188
Normal: 0.373837 0.0390859 -0.92667
UV: 0.914853 0.362986

Position: 0.0694703 0.106965 -0.00357188
Normal: 0.213569 -0.016395 -0.97679
UV: 0.914853 0.362986

Position: 0.0698404 -0.143615 0.000714928
Normal: 0.213569 -0.016395 -0.97679
UV: 0.848183 0.363085

Position: 0.149535 -0.143935 0.0181449
Normal: 0.213569 -0.016395 -0.97679
UV: 0.847283 0.384551

Position: 0.0698404 -0.143615 0.000714928
Normal: -0.372625 -0.0164233 -0.927837
UV: 0.848183 0.363085

Position: 0.0694703 0.106965 -0.00357188
Normal: -0.372625 -0.0164233 -0.927837
UV: 0.914853 0.362986

Position: -0.0530321 0.0982673 0.0457798
Normal: -0.372625 -0.0164233 -0.927837
UV: 0.910239 0.329989

Position: -0.0530321 0.0982673 0.0457798
Normal: -0.213369 0.0731198 -0.974232
UV: 0.910239 0.329989

Position: -0.00985376 -0.143935 0.0181449
Normal: -0.213369 0.0731198 -0.974232
UV: 0.847283 0.341619

Position: 0.0698404 -0.143615 0.000714928
Normal: -0.213369 0.0731198 -0.974232
UV: 0.848183 0.363085

Position: 0.192713 0.0982673 0.0457798
Normal: 0.28006 0.456279 -0.844616
UV: 0.910239 0.396181

Position: 0.128111 0.367302 0.169697
Normal: 0.28006 0.456279 -0.844616
UV: 0.975812 0.378781

Position: 0.0698404 0.385117 0.159999
Normal: 0.28006 0.456279 -0.844616
UV: 0.980991 0.363085

Position: 0.0698404 0.385117 0.159999
Normal: 0.356047 0.473339 -0.805717
UV: 0.980991 0.363085

Position: 0.0694703 0.106965 -0.00357188
Normal: 0.356047 0.473339 -0.805717
UV: 0.914853 0.362986

Position: 0.192713 0.0982673 0.0457798
Normal: 0.356047 0.473339 -0.805717
UV: 0.910239 0.396181

Position: 0.0694703 0.106965 -0.00357188
Normal: -0.333332 0.478249 -0.812507
UV: 0.914853 0.362986

Position: 0.0698404 0.385117 0.159999
Normal: -0.333331 0.478249 -0.812507
UV: 0.980991 0.363085

Position: 0.0115696 0.338799 0.156642
Normal: -0.333331 0.478249 -0.812507
UV: 0.968861 0.34739

Position: 0.0115696 0.338799 0.156642
Normal: -0.358553 0.46846 -0.807456
UV: 0.968861 0.34739

Position: -0.0530321 0.0982673 0.0457798
Normal: -0.358553 0.46846 -0.807456
UV: 0.910239 0.329989

Position: 0.0694703 0.106965 -0.00357188
Normal: -0.358553 0.46846 -0.807456
UV: 0.914853 0.362986

Position: -0.00985376 -0.143935 0.0181449
Normal: -0.96304 -0.145847 -0.226455
UV: 0.600817 0.283277

Position: -0.0530321 0.0982673 0.0457798
Normal: -0.96304 -0.145847 -0.226455
UV: 0.666467 0.284476

Position: -0.0775151 0.0775692 0.163228
Normal: -0.96304 -0.145847 -0.226455
UV: 0.6651 0.252383

Position: -0.0775151 0.0775692 0.163228
Normal: -0.968717 -0.197349 -0.150471
UV: 0.6651 0.252383

Position: -0.0266294 -0.143985 0.126209
Normal: -0.968717 -0.197349 -0.150471
UV: 0.604631 0.254421

Position: -0.00985376 -0.143935 0.0181449
Normal: -0.968716 -0.197349 -0.150471
UV: 0.600817 0.283277

Position: -0.0266294 -0.143985 0.126209
Normal: -0.887144 -0.266688 0.376634
UV: 0.604631 0.254421

Position: -0.0775151 0.0775692 0.163228
Normal: -0.887144 -0.266688 0.376634
UV: 0.6651 0.252383

Position: -0.0290808 0.0596944 0.264656
Normal: -0.887144 -0.266688 0.376634
UV: 0.66392 0.224667

Position: -0.0290808 0.0596944 0.264656
Normal: -0.964661 -0.155969 0.212376
UV: 0.66392 0.224667

Position: -0.00985376 -0.144015 0.202385
Normal: -0.964661 -0.155969 0.212376
UV: 0.607321 0.234079

Position: -0.0266294 -0.143985 0.126209
Normal: -0.964661 -0.155969 0.212376
UV: 0.604631 0.254421

Position: -0.0530321 0.0982673 0.0457798
Normal: -0.914801 0.343574 -0.212359
UV: 0.666467 0.284476

Position: 0.0115696 0.338799 0.156642
Normal: -0.914801 0.343573 -0.212359
UV: 0.734619 0.263394

Position: 0.0115696 0.375301 0.215698
Normal: -0.914801 0.343574 -0.212359
UV: 0.746457 0.248918

Position: 0.0115696 0.375301 0.215698
Normal: -0.941147 0.306653 -0.142147
UV: 0.746457 0.248918

Position: -0.0775151 0.0775692 0.163228
Normal: -0.941147 0.306653 -0.142147
UV: 0.6651 0.252383

Position: -0.0530321 0.0982673 0.0457798
Normal: -0.941147 0.306653 -0.142147
UV: 0.666467 0.284476

Position: -0.0775151 0.0775692 0.163228
Normal: -0.881839 0.187615 0.432622
UV: 0.6651 0.252383

Position: 0.0115696 0.375301 0.215698
Normal: -0.881839 0.187615 0.432622
UV: 0.746457 0.248918

Position: 0.0257239 0.328446 0.264869
Normal: -0.881839 0.187615 0.432622
UV: 0.735688 0.234129

Position: 0.0257239 0.328446 0.264869
Normal: -0.87538 0.178155 0.449412
UV: 0.735688 0.234129

Position: -0.0290808 0.0596944 0.264656
Normal: -0.87538 0.178155 0.449412
UV: 0.66392 0.224667

Position: -0.0775151 0.0775692 0.163228
Normal: -0.87538 0.178155 0.449412
UV: 0.6651 0.252383

Position: 0.0698404 0.476953 0.233612
Normal: 0.857405 0.507033 -0.0881673
UV: 0.649394 0.363693

Position: 0.128111 0.367302 0.169697
Normal: 0.857405 0.507033 -0.0881673
UV: 0.681429 0.375629

Position: 0.128111 0.375301 0.215698
Normal: 0.857405 0.507033 -0.0881673
UV: 0.677196 0.363786

Position: 0.112776 0.368887 0.252093
Normal: 0.818984 0.396344 0.414942
UV: 0.67723 0.353832

Position: 0.0698404 0.476953 0.233612
Normal: 0.818984 0.396345 0.414942
UV: 0.649394 0.363693

Position: 0.128111 0.375301 0.215698
Normal: 0.818984 0.396345 0.414942
UV: 0.677196 0.363786

Position: 0.0257239 0.328446 0.264869
Normal: -0.379082 0.297067 0.876384
UV: 0.643007 0.138163

Position: 0.0698404 0.476953 0.233612
Normal: -0.379082 0.297067 0.876384
UV: 0.600817 0.143674

Position: 0.0698404 0.365485 0.271397
Normal: -0.379082 0.297067 0.876384
UV: 0.631785 0.148455

Position: 0.0698404 0.476953 0.233612
Normal: -0.41202 0.569884 -0.710965
UV: 0.855087 0.944728

Position: 0.0115696 0.338799 0.156642
Normal: -0.41202 0.569884 -0.710965
UV: 0.809693 0.945277

Position: 0.0698404 0.385117 0.159999
Normal: -0.41202 0.569884 -0.710965
UV: 0.825904 0.957111

Position: 0.19802 -0.144015 -0.226576
Normal: 0.00439903 -0.999989 -0.00173872
UV: 0.838852 0.0362338

Position: 0.139623 -0.144413 -0.145675
Normal: 0.00439903 -0.999989 -0.00173872
UV: 0.825705 0.0593493

Position: 0.256326 -0.143985 -0.0966477
Normal: 0.00439903 -0.999989 -0.00173872
UV: 0.858433 0.0686554

Position: 0.256326 -0.143985 -0.0966477
Normal: 0.000292843 -1 0.000103925
UV: 0.858433 0.0686554

Position: 0.298003 -0.143985 -0.214088
Normal: 0.000292843 -1 0.000103925
UV: 0.865985 0.0364143

Position: 0.19802 -0.144015 -0.226576
Normal: 0.000292843 -1 0.000103925
UV: 0.838852 0.0362338

Position: 0.139623 -0.144413 -0.145675
Normal: 5.61435e-05 -0.999994 0.00351924
UV: 0.825705 0.0593493

Position: 0.12916 -0.144015 -0.03254
Normal: 5.61436e-05 -0.999994 0.00351924
UV: 0.826375 0.089503

Position: 0.226042 -0.143793 0.0289104
Normal: 5.61436e-05 -0.999994 0.00351924
UV: 0.85418 0.10269

Position: 0.226042 -0.143793 0.0289104
Normal: 0.00275045 -0.999994 0.00218557
UV: 0.85418 0.10269

Position: 0.256326 -0.143985 -0.0966477
Normal: 0.00275045 -0.999994 0.00218557
UV: 0.858433 0.0686554

Position: 0.139623 -0.144413 -0.145675
Normal: 0.00275045 -0.999994 0.00218557
UV: 0.825705 0.0593493

Position: 0.298003 -0.143985 -0.214088
Normal: 0.00214575 -0.999997 0.000761493
UV: 0.865985 0.0364143

Position: 0.256326 -0.143985 -0.0966477
Normal: 0.00214575 -0.999997 0.000761493
UV: 0.858433 0.0686554

Position: 0.4091 -0.143615 -0.0424306
Normal: 0.00214575 -0.999997 0.000761493
UV: 0.900971 0.078204

Position: 0.4091 -0.143615 -0.0424306
Normal: -0.00117694 -0.999995 0.00291192
UV: 0.900971 0.078204

Position: 0.422311 -0.143935 -0.146979
Normal: -0.00117694 -0.999995 0.00291192
UV: 0.9013 0.0502306

Position: 0.298003 -0.143985 -0.214088
Normal: -0.00117694 -0.999995 0.00291192
UV: 0.865985 0.0364143

Position: 0.256326 -0.143985 -0.0966477
Normal: -0.00128694 -0.999999 0.00121178
UV: 0.858433 0.0686554

Position: 0.226042 -0.143793 0.0289104
Normal: -0.00128694 -0.999998 0.00121178
UV: 0.85418 0.10269

Position: 0.35345 -0.143935 0.0470574
Normal: -0.00128694 -0.999998 0.00121178
UV: 0.888823 0.1035

Position: 0.35345 -0.143935 0.0470574
Normal: 0.00301866 -0.999994 -0.00169822
UV: 0.888823 0.1035

Position: 0.4091 -0.143615 -0.0424306
Normal: 0.00301866 -0.999994 -0.00169822
UV: 0.900971 0.078204

Position: 0.256326 -0.143985 -0.0966477
Normal: 0.00301866 -0.999994 -0.00169822
UV: 0.858433 0.0686554

Position: 0.187569 0.328446 -0.224408
Normal: -0.290064 0.479358 -0.828299
UV: 0.942012 0.471551

Position: 0.253544 0.375301 -0.220396
Normal: -0.290064 0.479358 -0.828299
UV: 0.952858 0.490206

Position: 0.241067 0.476954 -0.157198
Normal: -0.290064 0.479358 -0.828299
UV: 0.977056 0.488692

Position: 0.160563 0.365485 -0.173522
Normal: -0.812557 0.581906 0.0337084
UV: 0.832694 0.267043

Position: 0.241067 0.476954 -0.157198
Normal: -0.812557 0.581906 0.0337084
UV: 0.805183 0.279848

Position: 0.165513 0.368887 -0.112914
Normal: -0.812557 0.581906 0.0337084
UV: 0.836487 0.282947

Position: 0.253544 0.375301 -0.220396
Normal: 0.503801 0.49984 -0.704518
UV: 0.350728 0.163029

Position: 0.325438 0.338799 -0.194882
Normal: 0.503801 0.49984 -0.704518
UV: 0.367119 0.14721

Position: 0.241067 0.476954 -0.157198
Normal: 0.503801 0.49984 -0.704518
UV: 0.322351 0.147362

Position: 0.241067 0.476954 -0.157198
Normal: 0.648118 0.565534 0.510015
UV: 0.199958 0.0613772

Position: 0.296176 0.385117 -0.125395
Normal: 0.648118 0.565534 0.510015
UV: 0.229832 0.0649984

Position: 0.259195 0.367302 -0.0586465
Normal: 0.648118 0.565534 0.510015
UV: 0.236441 0.0449533

Position: 0.19802 -0.144015 -0.226576
Normal: -0.581146 -0.371399 -0.724108
UV: 0.51882 0.0187846

Position: 0.130519 0.0596944 -0.276886
Normal: -0.581146 -0.371399 -0.724108
UV: 0.459576 0.0204722

Position: 0.044944 0.0520057 -0.204263
Normal: -0.581146 -0.371399 -0.724108
UV: 0.459547 0.0505728

Position: 0.044944 0.0520057 -0.204263
Normal: -0.704695 -0.492129 -0.51109
UV: 0.459547 0.0505728

Position: 0.139623 -0.144413 -0.145675
Normal: -0.704695 -0.492129 -0.51109
UV: 0.52004 0.0454043

Position: 0.19802 -0.144015 -0.226576
Normal: -0.704695 -0.49213 -0.51109
UV: 0.51882 0.0187846

Position: 0.139623 -0.144413 -0.145675
Normal: -0.878541 -0.460899 -0.125453
UV: 0.966438 0.234926

Position: 0.044944 0.0520057 -0.204263
Normal: -0.878541 -0.460899 -0.125453
UV: 0.911229 0.234945

Position: 0.0151941 0.056871 -0.0137999
Normal: -0.878541 -0.460899 -0.125453
UV: 0.924655 0.284476

Position: 0.0151941 0.056871 -0.0137999
Normal: -0.870214 -0.486336 -0.0787708
UV: 0.924655 0.284476

Position: 0.12916 -0.144015 -0.03254
Normal: -0.870214 -0.486336 -0.0787708
UV: 0.975056 0.264155

Position: 0.139623 -0.144413 -0.145675
Normal: -0.870214 -0.486336 -0.0787708
UV: 0.966438 0.234926

Position: 0.130519 0.0596944 -0.276886
Normal: -0.750883 0.276508 -0.599766
UV: 0.459576 0.0204722

Position: 0.187569 0.328446 -0.224408
Normal: -0.750883 0.276508 -0.599766
UV: 0.403385 0.0186712

Position: 0.160563 0.365485 -0.173522
Normal: -0.750883 0.276508 -0.599766
UV: 0.395953 0.0334101

Position: 0.160563 0.365485 -0.173522
Normal: -0.632294 0.303121 -0.712967
UV: 0.395953 0.0334101

Position: 0.044944 0.0520057 -0.204263
Normal: -0.632294 0.303121 -0.712967
UV: 0.459547 0.0505728

Position: 0.130519 0.0596944 -0.276886
Normal: -0.632294 0.303121 -0.712967
UV: 0.459576 0.0204722

Position: 0.044944 0.0520057 -0.204263
Normal: -0.938485 0.340493 0.057545
UV: 0.911229 0.234945

Position: 0.160563 0.365485 -0.173522
Normal: -0.938485 0.340493 0.057545
UV: 0.832694 0.267043

Position: 0.165513 0.368887 -0.112914
Normal: -0.938485 0.340493 0.057545
UV: 0.836487 0.282947

Position: 0.165513 0.368887 -0.112914
Normal: -0.908454 0.389429 -0.151847
UV: 0.836487 0.282947

Position: 0.0151941 0.056871 -0.0137999
Normal: -0.908454 0.389429 -0.151847
UV: 0.924655 0.284476

Position: 0.044944 0.0520057 -0.204263
Normal: -0.908454 0.389429 -0.151847
UV: 0.911229 0.234945

Position: 0.12916 -0.144015 -0.03254
Normal: -0.480157 -0.347533 0.805401
UV: 0.464543 0.376071

Position: 0.0151941 0.056871 -0.0137999
Normal: -0.480157 -0.347533 0.805401
UV: 0.521857 0.396181

Position: 0.155994 0.0792441 0.0797949
Normal: -0.480157 -0.347533 0.805401
UV: 0.516137 0.358658

Position: 0.155994 0.0792441 0.0797949
Normal: -0.503282 -0.339366 0.794694
UV: 0.516137 0.358658

Position: 0.226042 -0.143793 0.0289104
Normal: -0.503282 -0.339366 0.794694
UV: 0.456792 0.350995

Position: 0.12916 -0.144015 -0.03254
Normal: -0.503282 -0.339366 0.794694
UV: 0.464543 0.376071

Position: 0.226042 -0.143793 0.0289104
Normal: -0.0228442 -0.229184 0.973115
UV: 0.456792 0.350995

Position: 0.155994 0.0792441 0.0797949
Normal: -0.0228442 -0.229184 0.973115
UV: 0.516137 0.358658

Position: 0.301154 0.0982672 0.0876828
Normal: -0.0228442 -0.229184 0.973115
UV: 0.513253 0.319386

Position: 0.301154 0.0982672 0.0876828
Normal: -0.138571 -0.192855 0.971393
UV: 0.513253 0.319386

Position: 0.35345 -0.143935 0.0470574
Normal: -0.138571 -0.192855 0.971393
UV: 0.449361 0.31748

Position: 0.226042 -0.143793 0.0289104
Normal: -0.138571 -0.192855 0.971393
UV: 0.456792 0.350995

Position: 0.0151941 0.056871 -0.0137999
Normal: -0.630534 0.493951 0.598698
UV: 0.521857 0.396181

Position: 0.165513 0.368887 -0.112914
Normal: -0.630534 0.493951 0.598698
UV: 0.599904 0.339729

Position: 0.203194 0.375301 -0.0785203
Normal: -0.630534 0.493951 0.598698
UV: 0.598055 0.329749

Position: 0.203194 0.375301 -0.0785203
Normal: -0.540694 0.462095 0.702936
UV: 0.598055 0.329749

Position: 0.155994 0.0792441 0.0797949
Normal: -0.540694 0.462095 0.702935
UV: 0.516137 0.358658

Position: 0.0151941 0.056871 -0.0137999
Normal: -0.540694 0.462095 0.702935
UV: 0.521857 0.396181

Position: 0.155994 0.0792441 0.0797949
Normal: -0.229447 0.487172 0.842625
UV: 0.516137 0.358658

Position: 0.203194 0.375301 -0.0785203
Normal: -0.229447 0.487172 0.842625
UV: 0.598055 0.329749

Position: 0.259195 0.367302 -0.0586465
Normal: -0.229447 0.487172 0.842625
UV: 0.592177 0.315527

Position: 0.259195 0.367302 -0.0586465
Normal: -0.108365 0.461894 0.88029
UV: 0.592177 0.315527

Position: 0.301154 0.0982672 0.0876828
Normal: -0.108365 0.461894 0.88029
UV: 0.513253 0.319386

Position: 0.155994 0.0792441 0.0797949
Normal: -0.108365 0.461894 0.88029
UV: 0.516137 0.358658

Position: 0.35345 -0.143935 0.0470574
Normal: 0.747896 0.0504643 0.661895
UV: 0.200895 0.164141

Position: 0.301154 0.0982672 0.0876828
Normal: 0.747896 0.0504643 0.661895
UV: 0.266318 0.173912

Position: 0.414478 0.106965 -0.0410291
Normal: 0.747896 0.0504643 0.661895
UV: 0.268039 0.139207

Position: 0.414478 0.106965 -0.0410291
Normal: 0.849038 -0.0211772 0.527908
UV: 0.268039 0.139207

Position: 0.4091 -0.143615 -0.0424306
Normal: 0.849038 -0.0211772 0.527908
UV: 0.200549 0.14004

Position: 0.35345 -0.143935 0.0470574
Normal: 0.849038 -0.0211772 0.527908
UV: 0.200895 0.164141

Position: 0.4091 -0.143615 -0.0424306
Normal: 0.99894 -0.0212139 -0.040849
UV: 0.200549 0.14004

Position: 0.414478 0.106965 -0.0410291
Normal: 0.99894 -0.0212139 -0.040849
UV: 0.268039 0.139207

Position: 0.407323 0.0982672 -0.211483
Normal: 0.99894 -0.0212139 -0.040849
UV: 0.264873 0.0933444

Position: 0.407323 0.0982672 -0.211483
Normal: 0.987726 0.0942852 0.124527
UV: 0.264873 0.0933444

Position: 0.422311 -0.143935 -0.146979
Normal: 0.987726 0.0942852 0.124527
UV: 0.199958 0.111885

Position: 0.4091 -0.143615 -0.0424306
Normal: 0.987726 0.0942852 0.124527
UV: 0.200549 0.14004

Position: 0.301154 0.0982672 0.0876828
Normal: 0.751281 0.401903 0.523498
UV: 0.315892 0.0240663

Position: 0.259195 0.367302 -0.0586465
Normal: 0.751281 0.401903 0.523498
UV: 0.236441 0.0449533

Position: 0.296176 0.385117 -0.125395
Normal: 0.751281 0.401903 0.523498
UV: 0.229832 0.0649984

Position: 0.296176 0.385117 -0.125395
Normal: 0.650777 0.460002 0.604059
UV: 0.229832 0.0649984

Position: 0.414478 0.106965 -0.0410291
Normal: 0.650777 0.460002 0.604059
UV: 0.313594 0.0701328

Position: 0.301154 0.0982672 0.0876828
Normal: 0.650777 0.460002 0.604059
UV: 0.315892 0.0240663

Position: 0.414478 0.106965 -0.0410291
Normal: 0.903605 0.415691 0.103436
UV: 0.268039 0.139207

Position: 0.296176 0.385117 -0.125395
Normal: 0.903605 0.415691 0.103436
UV: 0.34254 0.115143

Position: 0.325438 0.338799 -0.194882
Normal: 0.903605 0.415691 0.103436
UV: 0.329731 0.0966533

Position: 0.325438 0.338799 -0.194882
Normal: 0.94396 0.325237 -0.0562186
UV: 0.329731 0.0966533

Position: 0.407323 0.0982672 -0.211483
Normal: 0.94396 0.325237 -0.0562186
UV: 0.264873 0.0933444

Position: 0.414478 0.106965 -0.0410291
Normal: 0.94396 0.325237 -0.0562186
UV: 0.268039 0.139207

Position: 0.422311 -0.143935 -0.146979
Normal: 0.531733 -0.187075 -0.825992
UV: 0.808627 0.52473

Position: 0.407323 0.0982672 -0.211483
Normal: 0.531733 -0.187075 -0.825992
UV: 0.876002 0.525851

Position: 0.274921 0.0775691 -0.292029
Normal: 0.531733 -0.187075 -0.825992
UV: 0.877011 0.490161

Position: 0.274921 0.0775691 -0.292029
Normal: 0.459843 -0.251673 -0.85159
UV: 0.877011 0.490161

Position: 0.298003 -0.143985 -0.214088
Normal: 0.459843 -0.251673 -0.85159
UV: 0.814304 0.491585

Position: 0.422311 -0.143935 -0.146979
Normal: 0.459843 -0.251673 -0.85159
UV: 0.808627 0.52473

Position: 0.298003 -0.143985 -0.214088
Normal: -0.0569049 -0.336589 -0.939931
UV: 0.814304 0.491585

Position: 0.274921 0.0775691 -0.292029
Normal: -0.0569049 -0.336589 -0.939931
UV: 0.877011 0.490161

Position: 0.130519 0.0596944 -0.276886
Normal: -0.0569049 -0.336589 -0.939931
UV: 0.874553 0.450963

Position: 0.130519 0.0596944 -0.276886
Normal: 0.121498 -0.199857 -0.972263
UV: 0.874553 0.450963

Position: 0.19802 -0.144015 -0.226576
Normal: 0.121498 -0.199857 -0.972263
UV: 0.816938 0.464777

Position: 0.298003 -0.143985 -0.214088
Normal: 0.121498 -0.199857 -0.972263
UV: 0.814304 0.491585

Position: 0.407323 0.0982672 -0.211483
Normal: 0.417501 0.203256 -0.885652
UV: 0.876002 0.525851

Position: 0.325438 0.338799 -0.194882
Normal: 0.417501 0.203256 -0.885652
UV: 0.940533 0.508682

Position: 0.253544 0.375301 -0.220396
Normal: 0.417501 0.203256 -0.885652
UV: 0.952858 0.490206

Position: 0.253544 0.375301 -0.220396
Normal: 0.477418 0.237795 -0.845888
UV: 0.952858 0.490206

Position: 0.274921 0.0775691 -0.292029
Normal: 0.477418 0.237795 -0.845888
UV: 0.877011 0.490161

Position: 0.407323 0.0982672 -0.211483
Normal: 0.477418 0.237795 -0.845888
UV: 0.876002 0.525851

Position: 0.274921 0.0775691 -0.292029
Normal: -0.101455 0.225822 -0.968871
UV: 0.877011 0.490161

Position: 0.253544 0.375301 -0.220396
Normal: -0.101455 0.225822 -0.968871
UV: 0.952858 0.490206

Position: 0.187569 0.328446 -0.224408
Normal: -0.101455 0.225822 -0.968871
UV: 0.942012 0.471551

Position: 0.187569 0.328446 -0.224408
Normal: -0.128266 0.216221 -0.967883
UV: 0.942012 0.471551

Position: 0.130519 0.0596944 -0.276886
Normal: -0.128266 0.216221 -0.967883
UV: 0.874553 0.450963

Position: 0.274921 0.0775691 -0.292029
Normal: -0.128266 0.216221 -0.967883
UV: 0.877011 0.490161

Position: 0.241067 0.476954 -0.157198
Normal: -0.173193 0.642362 0.746575
UV: 0.626183 0.313878

Position: 0.259195 0.367302 -0.0586465
Normal: -0.173193 0.642362 0.746575
UV: 0.592177 0.315527

Position: 0.203194 0.375301 -0.0785203
Normal: -0.173193 0.642363 0.746575
UV: 0.598055 0.329749

Position: 0.165513 0.368887 -0.112914
Normal: -0.583045 0.621873 0.522813
UV: 0.379082 0.37794

Position: 0.241067 0.476954 -0.157198
Normal: -0.583045 0.621873 0.522813
UV: 0.41468 0.366254

Position: 0.203194 0.375301 -0.0785203
Normal: -0.583045 0.621873 0.522813
UV: 0.378649 0.364097

Position: 0.187569 0.328446 -0.224408
Normal: -0.55903 0.500542 -0.661017
UV: 0.626183 0.3844

Position: 0.241067 0.476954 -0.157198
Normal: -0.55903 0.500542 -0.661017
UV: 0.62603 0.338189

Position: 0.160563 0.365485 -0.173522
Normal: -0.55903 0.500542 -0.661017
UV: 0.611912 0.372709

Position: 0.241067 0.476954 -0.157198
Normal: 0.855123 0.518217 0.0146794
UV: 0.367119 0.106135

Position: 0.325438 0.338799 -0.194882
Normal: 0.855123 0.518217 0.0146794
UV: 0.329731 0.0966533

Position: 0.296176 0.385117 -0.125395
Normal: 0.855123 0.518217 0.0146794
UV: 0.34254 0.115143

Position: 0.559148 -0.143811 -0.462561
Normal: -0.000214364 -1 -7.62341e-05
UV: 0.126914 0.285284

Position: 0.423178 -0.143775 -0.547387
Normal: -0.000214364 -1 -7.62341e-05
UV: 0.0866645 0.270201

Position: 0.356889 -0.143775 -0.360597
Normal: -0.000214364 -1 -7.62341e-05
UV: 0.0786119 0.32225

Position: 0.356889 -0.143775 -0.360597
Normal: -0.0016984 -0.999994 -0.00302
UV: 0.0786119 0.32225

Position: 0.550137 -0.144274 -0.304121
Normal: -0.0016984 -0.999994 -0.00302
UV: 0.132563 0.32698

Position: 0.559148 -0.143811 -0.462561
Normal: -0.0016984 -0.999994 -0.00302
UV: 0.126914 0.285284

Position: 0.550137 -0.144274 -0.304121
Normal: -0.00257311 -0.999997 -2.69573e-05
UV: 0.132563 0.32698

Position: 0.356889 -0.143775 -0.360597
Normal: -0.00257311 -0.999997 -2.69573e-05
UV: 0.0786119 0.32225

Position: 0.268393 -0.143553 -0.175207
Normal: -0.00257311 -0.999997 -2.69573e-05
UV: 0.0646191 0.375088

Position: 0.268393 -0.143553 -0.175207
Normal: -0.00165685 -0.999997 0.00197554
UV: 0.0646191 0.375088

Position: 0.449625 -0.143811 -0.153943
Normal: -0.00165685 -0.999997 0.00197554
UV: 0.11361 0.371279

Position: 0.550137 -0.144274 -0.304121
Normal: -0.00165685 -0.999997 0.00197554
UV: 0.132563 0.32698

Position: 0.423178 -0.143775 -0.547387
Normal: -0.000675469 -0.999997 0.00219853
UV: 0.0866645 0.270201

Position: 0.202411 -0.143718 -0.589161
Normal: -0.000675469 -0.999997 0.00219853
UV: 0.0261791 0.270696

Position: 0.1139 -0.143345 -0.44683
Normal: -0.000675469 -0.999997 0.00219853
UV: 0.01 0.31233

Position: 0.1139 -0.143345 -0.44683
Normal: -0.0015717 -0.999999 -0.00055793
UV: 0.01 0.31233

Position: 0.356889 -0.143775 -0.360597
Normal: -0.00157169 -0.999999 -0.00055793
UV: 0.0786119 0.32225

Position: 0.423178 -0.143775 -0.547387
Normal: -0.0015717 -0.999999 -0.00055793
UV: 0.0866645 0.270201

Position: 0.356889 -0.143775 -0.360597
Normal: -0.000932513 -0.999997 -0.00235902
UV: 0.0786119 0.32225

Position: 0.1139 -0.143345 -0.44683
Normal: -0.000932513 -0.999997 -0.00235902
UV: 0.01 0.31233

Position: 0.0928871 -0.143718 -0.280544
Normal: -0.000932513 -0.999997 -0.00235902
UV: 0.0128745 0.356691

Position: 0.0928871 -0.143718 -0.280544
Normal: 0.000171972 -0.999999 0.00128341
UV: 0.0128745 0.356691

Position: 0.268393 -0.143553 -0.175207
Normal: 0.000171972 -0.999999 0.00128341
UV: 0.0646191 0.375088

Position: 0.356889 -0.143775 -0.360597
Normal: 0.000171972 -0.999999 0.00128341
UV: 0.0786119 0.32225

Position: 0.655686 0.406707 -0.350738
Normal: 0.689946 0.540213 -0.481813
UV: 0.0638191 0.0841321

Position: 0.56485 0.579751 -0.286795
Normal: 0.689946 0.540213 -0.481813
UV: 0.01 0.0972178

Position: 0.570204 0.461303 -0.411932
Normal: 0.689946 0.540213 -0.481813
UV: 0.0532073 0.114223

Position: 0.63801 0.449866 -0.260831
Normal: 0.646338 0.482269 0.591324
UV: 0.176746 0.505538

Position: 0.571131 0.45383 -0.190962
Normal: 0.646338 0.482269 0.591324
UV: 0.176117 0.479473

Position: 0.56485 0.579751 -0.286795
Normal: 0.646338 0.482269 0.591324
UV: 0.137004 0.496495

Position: 0.570204 0.461303 -0.411932
Normal: -0.0257585 0.725462 -0.68778
UV: 0.120184 0.235266

Position: 0.56485 0.579751 -0.286795
Normal: -0.0257585 0.725462 -0.68778
UV: 0.14599 0.206348

Position: 0.455855 0.418771 -0.452512
Normal: -0.0257585 0.725462 -0.68778
UV: 0.0891436 0.223111

Position: 0.56485 0.579751 -0.286795
Normal: -0.606903 0.794211 0.0299702
UV: 0.14599 0.206348

Position: 0.401052 0.451983 -0.217886
Normal: -0.606903 0.794211 0.0299703
UV: 0.122717 0.166898

Position: 0.422316 0.472741 -0.337378
Normal: -0.606903 0.794211 0.0299702
UV: 0.105549 0.193016

Position: 0.559148 -0.143811 -0.462561
Normal: 0.790512 -0.610923 0.0431729
UV: 0.790179 0.896211

Position: 0.550137 -0.144274 -0.304121
Normal: 0.790512 -0.610923 0.0431729
UV: 0.803658 0.936703

Position: 0.725778 0.0845953 -0.281532
Normal: 0.790512 -0.610923 0.0431729
UV: 0.86403 0.92283

Position: 0.725778 0.0845953 -0.281532
Normal: 0.857957 -0.479228 -0.185068
UV: 0.86403 0.92283

Position: 0.692933 0.0935543 -0.457
Normal: 0.857957 -0.479228 -0.185068
UV: 0.85126 0.877261

Position: 0.559148 -0.143811 -0.462561
Normal: 0.857957 -0.479228 -0.185068
UV: 0.790179 0.896211

Position: 0.550137 -0.144274 -0.304121
Normal: 0.660861 -0.604955 0.444175
UV: 0.731907 0.102569

Position: 0.449625 -0.143811 -0.153943
Normal: 0.660862 -0.604955 0.444175
UV: 0.780556 0.1035

Position: 0.571548 0.0902645 -0.0165408
Normal: 0.660862 -0.604955 0.444175
UV: 0.794756 0.0246321

Position: 0.571548 0.0902645 -0.0165408
Normal: 0.699636 -0.578331 0.419575
UV: 0.794756 0.0246321

Position: 0.725778 0.0845953 -0.281532
Normal: 0.699636 -0.578331 0.419575
UV: 0.712205 0.0271657

Position: 0.550137 -0.144274 -0.304121
Normal: 0.699636 -0.578331 0.419575
UV: 0.731907 0.102569

Position: 0.692933 0.0935543 -0.457
Normal: 0.956509 0.239287 -0.16683
UV: 0.85126 0.877261

Position: 0.725778 0.0845953 -0.281532
Normal: 0.956509 0.239287 -0.16683
UV: 0.86403 0.92283

Position: 0.63801 0.449866 -0.260831
Normal: 0.956509 0.239287 -0.16683
UV: 0.959066 0.89677

Position: 0.63801 0.449866 -0.260831
Normal: 0.984534 0.0614279 0.16407
UV: 0.959066 0.89677

Position: 0.655686 0.406707 -0.350738
Normal: 0.984534 0.0614278 0.16407
UV: 0.940332 0.877519

Position: 0.692933 0.0935543 -0.457
Normal: 0.984534 0.0614279 0.16407
UV: 0.85126 0.877261

Position: 0.725778 0.0845953 -0.281532
Normal: 0.842483 0.233809 0.48534
UV: 0.86403 0.92283

Position: 0.571548 0.0902645 -0.0165408
Normal: 0.842483 0.233809 0.48534
UV: 0.888218 0.99

Position: 0.571131 0.45383 -0.190962
Normal: 0.842483 0.233809 0.48534
UV: 0.966074 0.914268

Position: 0.571131 0.45383 -0.190962
Normal: 0.719642 0.134309 0.681231
UV: 0.966074 0.914268

Position: 0.63801 0.449866 -0.260831
Normal: 0.719642 0.134309 0.681232
UV: 0.959066 0.89677

Position: 0.725778 0.0845953 -0.281532
Normal: 0.719642 0.134309 0.681232
UV: 0.86403 0.92283

Position: 0.449625 -0.143811 -0.153943
Normal: -0.105161 -0.441792 0.890933
UV: 0.392428 0.728386

Position: 0.268393 -0.143553 -0.175207
Normal: -0.105161 -0.441792 0.890933
UV: 0.389753 0.777139

Position: 0.303863 0.116334 -0.0421486
Normal: -0.105161 -0.441792 0.890933
UV: 0.453019 0.772411

Position: 0.303863 0.116334 -0.0421486
Normal: -0.128437 -0.451431 0.883014
UV: 0.453019 0.772411

Position: 0.571548 0.0902645 -0.0165408
Normal: -0.128437 -0.451431 0.883014
UV: 0.450446 0.699901

Position: 0.449625 -0.143811 -0.153943
Normal: -0.128437 -0.451431 0.883014
UV: 0.392428 0.728386

Position: 0.268393 -0.143553 -0.175207
Normal: -0.49686 -0.25912 0.828243
UV: 0.389753 0.777139

Position: 0.0928871 -0.143718 -0.280544
Normal: -0.49686 -0.25912 0.828243
UV: 0.391002 0.824647

Position: 0.116725 0.1385 -0.17795
Normal: -0.49686 -0.25912 0.828243
UV: 0.461355 0.823605

Position: 0.116725 0.1385 -0.17795
Normal: -0.582634 -0.305975 0.752939
UV: 0.461355 0.823605

Position: 0.303863 0.116334 -0.0421486
Normal: -0.582634 -0.305975 0.752939
UV: 0.453019 0.772411

Position: 0.268393 -0.143553 -0.175207
Normal: -0.582634 -0.305975 0.752939
UV: 0.389753 0.777139

Position: 0.571548 0.0902645 -0.0165408
Normal: -0.0476456 0.406862 0.912246
UV: 0.450446 0.699901

Position: 0.303863 0.116334 -0.0421486
Normal: -0.0476456 0.406862 0.912246
UV: 0.453019 0.772411

Position: 0.490122 0.461303 -0.186277
Normal: -0.0476456 0.406862 0.912246
UV: 0.554815 0.729905

Position: 0.490122 0.461303 -0.186277
Normal: 0.0916663 0.430813 0.897773
UV: 0.554815 0.729905

Position: 0.571131 0.45383 -0.190962
Normal: 0.0916663 0.430813 0.897773
UV: 0.554726 0.708014

Position: 0.571548 0.0902645 -0.0165408
Normal: 0.0916663 0.430813 0.897773
UV: 0.450446 0.699901

Position: 0.303863 0.116334 -0.0421486
Normal: -0.463688 0.512622 0.722642
UV: 0.453019 0.772411

Position: 0.116725 0.1385 -0.17795
Normal: -0.463688 0.512622 0.722642
UV: 0.461355 0.823605

Position: 0.401052 0.451983 -0.217886
Normal: -0.463688 0.512622 0.722642
UV: 0.551987 0.75375

Position: 0.401052 0.451983 -0.217886
Normal: -0.334446 0.511325 0.79164
UV: 0.551987 0.75375

Position: 0.490122 0.461303 -0.186277
Normal: -0.334446 0.511325 0.79164
UV: 0.554815 0.729905

Position: 0.303863 0.116334 -0.0421486
Normal: -0.334446 0.511325 0.79164
UV: 0.453019 0.772411

Position: 0.0928871 -0.143718 -0.280544
Normal: -0.991688 -0.0289006 -0.125379
UV: 0.01 0.433228

Position: 0.1139 -0.143345 -0.44683
Normal: -0.991688 -0.0289006 -0.125379
UV: 0.014476 0.477793

Position: 0.105854 0.148634 -0.450492
Normal: -0.991688 -0.0289006 -0.125379
UV: 0.0928415 0.471091

Position: 0.105854 0.148634 -0.450492
Normal: -0.996732 0.0688074 0.0423178
UV: 0.0928415 0.471091

Position: 0.116725 0.1385 -0.17795
Normal: -0.996732 0.0688074 0.0423178
UV: 0.0829525 0.398299

Position: 0.0928871 -0.143718 -0.280544
Normal: -0.996732 0.0688074 0.0423178
UV: 0.01 0.433228

Position: 0.1139 -0.143345 -0.44683
Normal: -0.842035 0.128209 -0.523966
UV: 0.014476 0.477793

Position: 0.202411 -0.143718 -0.589161
Normal: -0.842035 0.128209 -0.523966
UV: 0.0181219 0.515957

Position: 0.285589 0.1385 -0.653777
Normal: -0.842035 0.128209 -0.523966
UV: 0.0954747 0.525851

Position: 0.285589 0.1385 -0.653777
Normal: -0.749569 -0.0289505 -0.661292
UV: 0.0954747 0.525851

Position: 0.105854 0.148634 -0.450492
Normal: -0.749569 -0.0289505 -0.661292
UV: 0.0928415 0.471091

Position: 0.1139 -0.143345 -0.44683
Normal: -0.749569 -0.0289505 -0.661292
UV: 0.014476 0.477793

Position: 0.116725 0.1385 -0.17795
Normal: -0.723866 0.687789 0.0544494
UV: 0.0829525 0.398299

Position: 0.105854 0.148634 -0.450492
Normal: -0.723866 0.687789 0.0544494
UV: 0.0928415 0.471091

Position: 0.422316 0.472741 -0.337378
Normal: -0.723866 0.687789 0.0544494
UV: 0.176746 0.43224

Position: 0.422316 0.472741 -0.337378
Normal: -0.741604 0.670659 -0.0154638
UV: 0.176746 0.43224

Position: 0.401052 0.451983 -0.217886
Normal: -0.741604 0.670659 -0.0154638
UV: 0.168037 0.400755

Position: 0.116725 0.1385 -0.17795
Normal: -0.741604 0.670659 -0.0154638
UV: 0.0829525 0.398299

Position: 0.105854 0.148634 -0.450492
Normal: -0.530012 0.68295 -0.50266
UV: 0.0128066 0.166486

Position: 0.285589 0.1385 -0.653777
Normal: -0.530012 0.68295 -0.50266
UV: 0.01 0.239253

Position: 0.455855 0.418771 -0.452512
Normal: -0.530012 0.68295 -0.50266
UV: 0.0891436 0.223111

Position: 0.455855 0.418771 -0.452512
Normal: -0.537345 0.69261 -0.481198
UV: 0.0891436 0.223111

Position: 0.422316 0.472741 -0.337378
Normal: -0.537345 0.69261 -0.481198
UV: 0.105549 0.193016

Position: 0.105854 0.148634 -0.450492
Normal: -0.537345 0.69261 -0.481198
UV: 0.0128066 0.166486

Position: 0.202411 -0.143718 -0.589161
Normal: 0.175129 -0.33451 -0.925977
UV: 0.199958 0.436967

Position: 0.423178 -0.143775 -0.547387
Normal: 0.175129 -0.33451 -0.925977
UV: 0.226669 0.49013

Position: 0.529823 0.114382 -0.620477
Normal: 0.175129 -0.33451 -0.925977
UV: 0.303549 0.48097

Position: 0.529823 0.114382 -0.620477
Normal: 0.106314 -0.251583 -0.961979
UV: 0.303549 0.48097

Position: 0.285589 0.1385 -0.653777
Normal: 0.106314 -0.251583 -0.961979
UV: 0.279071 0.419393

Position: 0.202411 -0.143718 -0.589161
Normal: 0.106314 -0.251583 -0.961979
UV: 0.199958 0.436967

Position: 0.423178 -0.143775 -0.547387
Normal: 0.509859 -0.268219 -0.817375
UV: 0.226669 0.49013

Position: 0.559148 -0.143811 -0.462561
Normal: 0.509859 -0.268219 -0.817375
UV: 0.240695 0.524195

Position: 0.692933 0.0935543 -0.457
Normal: 0.509859 -0.268219 -0.817375
UV: 0.312997 0.525851

Position: 0.692933 0.0935543 -0.457
Normal: 0.607665 -0.4385 -0.662164
UV: 0.312997 0.525851

Position: 0.529823 0.114382 -0.620477
Normal: 0.607665 -0.4385 -0.662164
UV: 0.303549 0.48097

Position: 0.423178 -0.143775 -0.547387
Normal: 0.607665 -0.4385 -0.662164
UV: 0.226669 0.49013

Position: 0.285589 0.1385 -0.653777
Normal: 0.165166 0.49394 -0.853665
UV: 0.279071 0.419393

Position: 0.529823 0.114382 -0.620477
Normal: 0.165166 0.49394 -0.853665
UV: 0.303549 0.48097

Position: 0.570204 0.461303 -0.411932
Normal: 0.165166 0.49394 -0.853665
UV: 0.381007 0.451171

Position: 0.570204 0.461303 -0.411932
Normal: 0.094691 0.542077 -0.834977
UV: 0.381007 0.451171

Position: 0.455855 0.418771 -0.452512
Normal: 0.094691 0.542077 -0.834977
UV: 0.358034 0.428611

Position: 0.285589 0.1385 -0.653777
Normal: 0.094691 0.542077 -0.834977
UV: 0.279071 0.419393

Position: 0.529823 0.114382 -0.620477
Normal: 0.693467 0.304119 -0.653158
UV: 0.154229 0.143274

Position: 0.692933 0.0935543 -0.457
Normal: 0.693466 0.304119 -0.653158
UV: 0.149892 0.0812666

Position: 0.655686 0.406707 -0.350738
Normal: 0.693467 0.304119 -0.653158
UV: 0.0638191 0.0841321

Position: 0.655686 0.406707 -0.350738
Normal: 0.677925 0.319177 -0.662226
UV: 0.0638191 0.0841321

Position: 0.570204 0.461303 -0.411932
Normal: 0.677926 0.319177 -0.662226
UV: 0.0532073 0.114223

Position: 0.529823 0.114382 -0.620477
Normal: 0.677925 0.319177 -0.662226
UV: 0.154229 0.143274

Position: 0.56485 0.579751 -0.286795
Normal: -0.297817 0.719913 0.626921
UV: 0.592368 0.712599

Position: 0.490122 0.461303 -0.186277
Normal: -0.297817 0.719913 0.626921
UV: 0.554815 0.729905

Position: 0.401052 0.451983 -0.217886
Normal: -0.297817 0.719913 0.626921
UV: 0.551987 0.75375

Position: 0.571131 0.45383 -0.190962
Normal: 0.10152 0.605688 0.789199
UV: 0.554726 0.708014

Position: 0.490122 0.461303 -0.186277
Normal: 0.10152 0.605688 0.789199
UV: 0.554815 0.729905

Position: 0.56485 0.579751 -0.286795
Normal: 0.10152 0.605688 0.789199
UV: 0.592368 0.712599

Position: 0.655686 0.406707 -0.350738
Normal: 0.874764 0.480956 -0.0589017
UV: 0.940332 0.877519

Position: 0.63801 0.449866 -0.260831
Normal: 0.874764 0.480956 -0.0589017
UV: 0.959066 0.89677

Position: 0.56485 0.579751 -0.286795
Normal: 0.874764 0.480956 -0.0589017
UV: 0.99 0.878995

Position: 0.56485 0.579751 -0.286795
Normal: -0.410017 0.774118 -0.482314
UV: 0.14599 0.206348

Position: 0.422316 0.472741 -0.337378
Normal: -0.410017 0.774118 -0.482314
UV: 0.105549 0.193016

Position: 0.455855 0.418771 -0.452512
Normal: -0.410017 0.774118 -0.482314
UV: 0.0891436 0.223111

Position: 0.190166 -0.14772 -0.561495
Normal: 0.00158454 -0.999971 0.00748946
UV: 0.975171 0.623817

Position: 0.0510127 -0.14777 -0.538807
Normal: 0.00158454 -0.999971 0.00748946
UV: 0.949731 0.595642

Position: -0.0416999 -0.14723 -0.446999
Normal: 0.00158454 -0.999971 0.00748946
UV: 0.91569 0.587952

Position: 0.318763 -0.147669 -0.475065
Normal: -0.00105228 -0.999997 0.00214976
UV: 0.974777 0.665355

Position: 0.190166 -0.14772 -0.561495
Normal: -0.00105228 -0.999997 0.00214976
UV: 0.975171 0.623817

Position: -0.0416999 -0.14723 -0.446999
Normal: -0.00105228 -0.999997 0.00214976
UV: 0.91569 0.587952

Position: 0.318763 -0.147669 -0.475065
Normal: -0.000839863 -0.999988 0.00487777
UV: 0.974777 0.665355

Position: -0.0416999 -0.14723 -0.446999
Normal: -0.000839863 -0.999988 0.00487777
UV: 0.91569 0.587952

Position: -0.0607783 -0.146689 -0.339435
Normal: -0.000839863 -0.999988 0.00487777
UV: 0.888932 0.599178

Position: 0.318763 -0.147669 -0.475065
Normal: -6.16511e-05 -0.999975 0.00705539
UV: 0.974777 0.665355

Position: -0.0607783 -0.146689 -0.339435
Normal: -6.16511e-05 -0.999975 0.00705539
UV: 0.888932 0.599178

Position: 0.0288072 -0.146324 -0.286947
Normal: -6.16511e-05 -0.999975 0.00705539
UV: 0.890364 0.627009

Position: 0.0288072 -0.146324 -0.286947
Normal: 0.00121102 -0.999968 0.00797476
UV: 0.890364 0.627009

Position: 0.179994 -0.145959 -0.264169
Normal: 0.00121102 -0.999967 0.00797476
UV: 0.907435 0.664473

Position: 0.280731 -0.146814 -0.386661
Normal: 0.00121102 -0.999967 0.00797476
UV: 0.949494 0.66954

Position: 0.318763 -0.147669 -0.475065
Normal: 0.00226892 -0.999941 0.0106474
UV: 0.974777 0.665355

Position: 0.0288072 -0.146324 -0.286947
Normal: 0.00226892 -0.999941 0.0106474
UV: 0.890364 0.627009

Position: 0.280731 -0.146814 -0.386661
Normal: 0.00226892 -0.999941 0.0106474
UV: 0.949494 0.66954

Position: 0.0282362 0.758618 -0.383032
Normal: -0.672242 0.667094 -0.321055
UV: 0.930094 0.174761

Position: -0.0492851 0.699713 -0.343109
Normal: -0.672242 0.667094 -0.321055
UV: 0.917708 0.193308

Position: -0.0292259 0.678201 -0.429807
Normal: -0.672242 0.667094 -0.321055
UV: 0.942312 0.193513

Position: -0.00916664 0.65669 -0.516505
Normal: -0.672241 0.667094 -0.321056
UV: 0.966915 0.193718

Position: 0.280731 -0.146814 -0.386661
Normal: 0.997816 -0.0477437 0.0456396
UV: 0.377434 0.623774

Position: 0.299101 0.269928 -0.35233
Normal: 0.997816 -0.0477437 0.0456396
UV: 0.489832 0.631007

Position: 0.301484 0.161277 -0.518097
Normal: 0.997816 -0.0477437 0.0456396
UV: 0.45977 0.586889

Position: 0.301484 0.161277 -0.518097
Normal: 0.913822 0.105724 0.392113
UV: 0.45977 0.586889

Position: 0.318763 -0.147669 -0.475065
Normal: 0.913822 0.105724 0.392113
UV: 0.376776 0.59997

Position: 0.280731 -0.146814 -0.386661
Normal: 0.913822 0.105724 0.392113
UV: 0.377434 0.623774

Position: 0.29311 0.470131 -0.515311
Normal: 0.802581 0.59311 0.0639067
UV: 0.542961 0.586148

Position: 0.240644 0.52258 -0.343178
Normal: 0.802581 0.59311 0.0639067
UV: 0.557918 0.632252

Position: 0.144359 0.663469 -0.441546
Normal: 0.802581 0.59311 0.0639067
UV: 0.595385 0.60508

Position: 0.179994 -0.145959 -0.264169
Normal: -0.146239 -0.176006 0.973466
UV: 0.86572 0.668976

Position: 0.0288072 -0.146324 -0.286947
Normal: -0.146239 -0.176006 0.973466
UV: 0.863156 0.628323

Position: 0.0298662 0.201723 -0.223859
Normal: -0.146239 -0.176006 0.973466
UV: 0.773861 0.632112

Position: 0.0298662 0.201723 -0.223859
Normal: -0.0973218 -0.155984 0.982953
UV: 0.773861 0.632112

Position: 0.146973 0.214459 -0.210243
Normal: -0.0973218 -0.155984 0.982953
UV: 0.772358 0.663738

Position: 0.179994 -0.145959 -0.264169
Normal: -0.0973218 -0.155984 0.982953
UV: 0.86572 0.668976

Position: 0.0281981 0.549868 -0.236257
Normal: -0.449621 0.352694 0.820639
UV: 0.680985 0.635306

Position: 0.0274777 0.710365 -0.30563
Normal: -0.449621 0.352694 0.820639
UV: 0.635195 0.636908

Position: 0.10424 0.721018 -0.268151
Normal: -0.449621 0.352694 0.820639
UV: 0.634933 0.657611

Position: 0.10424 0.721018 -0.268151
Normal: -0.314867 0.307244 0.898031
UV: 0.634933 0.657611

Position: 0.152392 0.630385 -0.220259
Normal: -0.314867 0.307244 0.898031
UV: 0.661702 0.66954

Position: 0.0281981 0.549868 -0.236257
Normal: -0.314867 0.307244 0.898031
UV: 0.680985 0.635306

Position: -0.0607783 -0.146689 -0.339435
Normal: -0.98114 -0.0850238 -0.173595
UV: 0.843529 0.810575

Position: -0.0416999 -0.14723 -0.446999
Normal: -0.98114 -0.0850238 -0.173595
UV: 0.843058 0.781605

Position: -0.0618879 0.117099 -0.462362
Normal: -0.98114 -0.0850238 -0.173595
UV: 0.771788 0.778983

Position: -0.0618879 0.117099 -0.462362
Normal: -0.960304 -0.121138 -0.251279
UV: 0.771788 0.778983

Position: -0.110078 0.188986 -0.312851
Normal: -0.960304 -0.121138 -0.251279
UV: 0.753287 0.819657

Position: -0.0607783 -0.146689 -0.339435
Normal: -0.960304 -0.121138 -0.251279
UV: 0.843529 0.810575

Position: -0.130755 0.496938 -0.457365
Normal: -0.808235 0.499998 -0.31106
UV: 0.66953 0.782506

Position: -0.0292259 0.678201 -0.429807
Normal: -0.808235 0.499998 -0.31106
UV: 0.620875 0.790966

Position: -0.0492851 0.699713 -0.343109
Normal: -0.808235 0.499998 -0.31106
UV: 0.615579 0.814436

Position: -0.0492851 0.699713 -0.343109
Normal: -0.908828 0.409631 -0.0789524
UV: 0.615579 0.814436

Position: -0.131782 0.524707 -0.301469
Normal: -0.908828 0.409631 -0.0789524
UV: 0.662945 0.824647

Position: -0.130755 0.496938 -0.457365
Normal: -0.908828 0.409631 -0.0789524
UV: 0.66953 0.782506

Position: 0.0510127 -0.14777 -0.538807
Normal: -0.158107 -0.18398 -0.970131
UV: 0.205603 0.324223

Position: 0.190166 -0.14772 -0.561495
Normal: -0.158107 -0.18398 -0.970131
UV: 0.205276 0.361718

Position: 0.155264 0.161014 -0.614357
Normal: -0.158107 -0.18398 -0.970131
UV: 0.289935 0.355475

Position: 0.155264 0.161014 -0.614357
Normal: -0.0775414 -0.212165 -0.974153
UV: 0.289935 0.355475

Position: 0.0116719 0.160752 -0.60287
Normal: -0.0775415 -0.212165 -0.974153
UV: 0.290774 0.316803

Position: 0.0510127 -0.14777 -0.538807
Normal: -0.0775414 -0.212165 -0.974153
UV: 0.205603 0.324223

Position: -0.00486914 0.469168 -0.613563
Normal: 0.206016 0.453521 -0.867108
UV: 0.373195 0.315425

Position: 0.13313 0.46965 -0.580524
Normal: 0.206016 0.453521 -0.867108
UV: 0.370391 0.352517

Position: -0.00916664 0.65669 -0.516505
Normal: 0.206016 0.453521 -0.867108
UV: 0.418412 0.315957

Position: 0.0282362 0.758618 -0.383032
Normal: -0.351119 0.796117 0.492862
UV: 0.342606 0.517396

Position: 0.10424 0.721018 -0.268151
Normal: -0.35112 0.796117 0.492862
UV: 0.381007 0.515268

Position: 0.0274777 0.710365 -0.30563
Normal: -0.35112 0.796117 0.492862
UV: 0.36188 0.50216

Position: -0.0492851 0.699713 -0.343109
Normal: -0.35112 0.796117 0.492862
UV: 0.342753 0.489052

Position: -0.00916664 0.65669 -0.516505
Normal: 0.276078 0.724986 -0.631012
UV: 0.966915 0.193718

Position: 0.144359 0.663469 -0.441546
Normal: 0.276078 0.724986 -0.631012
UV: 0.956662 0.148852

Position: 0.0282362 0.758618 -0.383032
Normal: 0.276078 0.724986 -0.631012
UV: 0.930094 0.174761

Position: 0.0282362 0.758618 -0.383032
Normal: 0.588985 0.797858 -0.12853
UV: 0.930094 0.174761

Position: 0.144359 0.663469 -0.441546
Normal: 0.588985 0.797858 -0.12853
UV: 0.956662 0.148852

Position: 0.10424 0.721018 -0.268151
Normal: 0.588985 0.797858 -0.12853
UV: 0.906794 0.148288

Position: 0.0510127 -0.14777 -0.538807
Normal: -0.837373 -0.211446 -0.50408
UV: 0.842677 0.756879

Position: 0.0116719 0.160752 -0.60287
Normal: -0.837373 -0.211446 -0.50408
UV: 0.759228 0.741396

Position: -0.0618879 0.117099 -0.462362
Normal: -0.837373 -0.211446 -0.50408
UV: 0.771788 0.778983

Position: -0.0618879 0.117099 -0.462362
Normal: -0.700755 -0.094618 -0.7071
UV: 0.771788 0.778983

Position: -0.0416999 -0.14723 -0.446999
Normal: -0.700755 -0.094618 -0.7071
UV: 0.843058 0.781605

Position: 0.0510127 -0.14777 -0.538807
Normal: -0.700755 -0.094618 -0.7071
UV: 0.842677 0.756879

Position: -0.130755 0.496938 -0.457365
Normal: -0.712756 0.309461 -0.629455
UV: 0.66953 0.782506

Position: -0.00486914 0.469168 -0.613563
Normal: -0.712756 0.309461 -0.629455
UV: 0.676113 0.740284

Position: -0.00916664 0.65669 -0.516505
Normal: -0.712756 0.309461 -0.629455
UV: 0.626171 0.767496

Position: -0.00916664 0.65669 -0.516505
Normal: -0.808234 0.499998 -0.311061
UV: 0.626171 0.767496

Position: -0.0607783 -0.146689 -0.339435
Normal: -0.521756 -0.14323 0.840985
UV: 0.859855 0.604304

Position: -0.110078 0.188986 -0.312851
Normal: -0.521756 -0.14323 0.840985
UV: 0.771602 0.594477

Position: 0.0298662 0.201723 -0.223859
Normal: -0.521756 -0.14323 0.840985
UV: 0.773861 0.632112

Position: 0.0298662 0.201723 -0.223859
Normal: -0.4991 -0.153082 0.852916
UV: 0.773861 0.632112

Position: 0.0288072 -0.146324 -0.286947
Normal: -0.4991 -0.153082 0.852916
UV: 0.863156 0.628323

Position: -0.0607783 -0.146689 -0.339435
Normal: -0.4991 -0.153082 0.852916
UV: 0.859855 0.604304

Position: 0.0281981 0.549868 -0.236257
Normal: -0.399623 0.386192 0.831359
UV: 0.680985 0.635306

Position: -0.131782 0.524707 -0.301469
Normal: -0.399623 0.386192 0.831359
UV: 0.682918 0.592106

Position: -0.0492851 0.699713 -0.343109
Normal: -0.399623 0.386192 0.831359
UV: 0.635457 0.616206

Position: -0.0492851 0.699713 -0.343109
Normal: -0.449621 0.352694 0.820639
UV: 0.635457 0.616206

Position: 0.179994 -0.145959 -0.264169
Normal: 0.690556 -0.044741 0.721893
UV: 0.378255 0.656758

Position: 0.146973 0.214459 -0.210243
Normal: 0.690556 -0.044741 0.721893
UV: 0.47558 0.66954

Position: 0.299101 0.269928 -0.35233
Normal: 0.690556 -0.044741 0.721893
UV: 0.489832 0.631007

Position: 0.299101 0.269928 -0.35233
Normal: 0.769199 -0.0860682 0.633186
UV: 0.489832 0.631007

Position: 0.280731 -0.146814 -0.386661
Normal: 0.769199 -0.0860682 0.633186
UV: 0.377434 0.623774

Position: 0.179994 -0.145959 -0.264169
Normal: 0.769199 -0.0860682 0.633186
UV: 0.378255 0.656758

Position: 0.190166 -0.14772 -0.561495
Normal: 0.555866 -0.0841017 -0.827006
UV: 0.205276 0.361718

Position: 0.318763 -0.147669 -0.475065
Normal: 0.555866 -0.0841017 -0.827006
UV: 0.199958 0.396181

Position: 0.301484 0.161277 -0.518097
Normal: 0.555866 -0.0841017 -0.827006
UV: 0.284037 0.394667

Position: 0.301484 0.161277 -0.518097
Normal: 0.548179 -0.0805646 -0.832472
UV: 0.284037 0.394667

Position: 0.155264 0.161014 -0.614357
Normal: 0.548179 -0.0805646 -0.832472
UV: 0.289935 0.355475

Position: 0.190166 -0.14772 -0.561495
Normal: 0.548179 -0.0805646 -0.832472
UV: 0.205276 0.361718

Position: 0.299101 0.269928 -0.35233
Normal: 0.950974 0.211868 0.2253
UV: 0.489832 0.631007

Position: 0.240644 0.52258 -0.343178
Normal: 0.950974 0.211868 0.2253
UV: 0.557918 0.632252

Position: 0.29311 0.470131 -0.515311
Normal: 0.950974 0.211868 0.2253
UV: 0.542961 0.586148

Position: 0.29311 0.470131 -0.515311
Normal: 0.999626 0.0271338 -0.00341234
UV: 0.542961 0.586148

Position: 0.301484 0.161277 -0.518097
Normal: 0.999626 0.0271338 -0.00341234
UV: 0.45977 0.586889

Position: 0.299101 0.269928 -0.35233
Normal: 0.999626 0.0271338 -0.00341234
UV: 0.489832 0.631007

Position: 0.0281981 0.549868 -0.236257
Normal: -0.144085 0.0256985 0.989231
UV: 0.680985 0.635306

Position: 0.152392 0.630385 -0.220259
Normal: -0.144085 0.0256985 0.989232
UV: 0.661702 0.66954

Position: 0.146973 0.214459 -0.210243
Normal: -0.144085 0.0256985 0.989232
UV: 0.772358 0.663738

Position: 0.146973 0.214459 -0.210243
Normal: -0.119151 0.0347637 0.992267
UV: 0.772358 0.663738

Position: 0.0298662 0.201723 -0.223859
Normal: -0.119151 0.0347637 0.992267
UV: 0.773861 0.632112

Position: 0.0281981 0.549868 -0.236257
Normal: -0.119151 0.0347637 0.992267
UV: 0.680985 0.635306

Position: -0.130755 0.496938 -0.457365
Normal: -0.997894 -0.0646799 0.00494924
UV: 0.66953 0.782506

Position: -0.131782 0.524707 -0.301469
Normal: -0.997894 -0.0646799 0.00494924
UV: 0.662945 0.824647

Position: -0.110078 0.188986 -0.312851
Normal: -0.997894 -0.0646798 0.00494924
UV: 0.753287 0.819657

Position: -0.110078 0.188986 -0.312851
Normal: -0.958815 -0.170854 -0.226895
UV: 0.753287 0.819657

Position: -0.0618879 0.117099 -0.462362
Normal: -0.958816 -0.170854 -0.226895
UV: 0.771788 0.778983

Position: -0.130755 0.496938 -0.457365
Normal: -0.958816 -0.170854 -0.226895
UV: 0.66953 0.782506

Position: 0.13313 0.46965 -0.580524
Normal: 0.232852 -0.0212199 -0.972281
UV: 0.370391 0.352517

Position: -0.00486914 0.469168 -0.613563
Normal: 0.232852 -0.02122 -0.972281
UV: 0.373195 0.315425

Position: 0.0116719 0.160752 -0.60287
Normal: 0.232852 -0.0212199 -0.972281
UV: 0.290774 0.316803

Position: 0.0116719 0.160752 -0.60287
Normal: -0.0795052 0.102989 -0.9915
UV: 0.290774 0.316803

Position: 0.155264 0.161014 -0.614357
Normal: -0.0795052 0.102989 -0.9915
UV: 0.289935 0.355475

Position: 0.13313 0.46965 -0.580524
Normal: -0.0795052 0.102989 -0.9915
UV: 0.370391 0.352517

Position: -0.00486914 0.469168 -0.613563
Normal: -0.783091 -0.133989 -0.607302
UV: 0.676113 0.740284

Position: -0.130755 0.496938 -0.457365
Normal: -0.783091 -0.133989 -0.607302
UV: 0.66953 0.782506

Position: -0.0618879 0.117099 -0.462362
Normal: -0.783091 -0.133989 -0.607302
UV: 0.771788 0.778983

Position: -0.0618879 0.117099 -0.462362
Normal: -0.875893 -0.0635585 -0.478301
UV: 0.771788 0.778983

Position: 0.0116719 0.160752 -0.60287
Normal: -0.875893 -0.0635585 -0.478301
UV: 0.759228 0.741396

Position: -0.00486914 0.469168 -0.613563
Normal: -0.875893 -0.0635585 -0.478301
UV: 0.676113 0.740284

Position: -0.131782 0.524707 -0.301469
Normal: -0.381476 0.0310707 0.923856
UV: 0.682918 0.592106

Position: 0.0281981 0.549868 -0.236257
Normal: -0.381476 0.0310707 0.923856
UV: 0.680985 0.635306

Position: 0.0298662 0.201723 -0.223859
Normal: -0.381476 0.0310707 0.923856
UV: 0.773861 0.632112

Position: 0.0298662 0.201723 -0.223859
Normal: -0.531449 -0.0629975 0.844745
UV: 0.773861 0.632112

Position: -0.110078 0.188986 -0.312851
Normal: -0.531449 -0.0629975 0.844745
UV: 0.771602 0.594477

Position: -0.131782 0.524707 -0.301469
Normal: -0.531449 -0.0629975 0.844745
UV: 0.682918 0.592106

Position: 0.146973 0.214459 -0.210243
Normal: 0.652794 0.123968 0.747323
UV: 0.101383 0.0152816

Position: 0.240644 0.52258 -0.343178
Normal: 0.652794 0.123968 0.747323
UV: 0.01 0.0198215

Position: 0.299101 0.269928 -0.35233
Normal: 0.652794 0.123968 0.747323
UV: 0.0712567 0.0503178

Position: 0.29311 0.470131 -0.515311
Normal: 0.374062 0.127524 -0.918594
UV: 0.365862 0.395469

Position: 0.13313 0.46965 -0.580524
Normal: 0.374062 0.127524 -0.918594
UV: 0.370391 0.352517

Position: 0.155264 0.161014 -0.614357
Normal: 0.374062 0.127524 -0.918594
UV: 0.289935 0.355475

Position: 0.155264 0.161014 -0.614357
Normal: 0.549699 0.0224354 -0.835061
UV: 0.289935 0.355475

Position: 0.301484 0.161277 -0.518097
Normal: 0.549699 0.0224354 -0.835061
UV: 0.284037 0.394667

Position: 0.29311 0.470131 -0.515311
Normal: 0.549699 0.0224354 -0.835061
UV: 0.365862 0.395469

Position: 0.146973 0.214459 -0.210243
Normal: 0.813719 0.00339417 0.581248
UV: 0.47558 0.66954

Position: 0.152392 0.630385 -0.220259
Normal: 0.813719 0.00339417 0.581248
UV: 0.587544 0.664834

Position: 0.240644 0.52258 -0.343178
Normal: 0.813719 0.00339417 0.581248
UV: 0.557918 0.632252

Position: 0.13313 0.46965 -0.580524
Normal: 0.316147 0.540671 -0.779568
UV: 0.818004 0.149791

Position: 0.29311 0.470131 -0.515311
Normal: 0.316147 0.540671 -0.779568
UV: 0.796391 0.190992

Position: 0.144359 0.663469 -0.441546
Normal: 0.316147 0.540671 -0.779568
UV: 0.864975 0.193718

Position: 0.144359 0.663469 -0.441546
Normal: 0.3525 0.531746 -0.770058
UV: 0.864975 0.193718

Position: -0.00916664 0.65669 -0.516505
Normal: 0.3525 0.531746 -0.770058
UV: 0.883582 0.151599

Position: 0.13313 0.46965 -0.580524
Normal: 0.3525 0.531746 -0.770058
UV: 0.818004 0.149791

Position: 0.240644 0.52258 -0.343178
Normal: 0.840104 0.522777 0.144672
UV: 0.557918 0.632252

Position: 0.152392 0.630385 -0.220259
Normal: 0.840104 0.522777 0.144672
UV: 0.587544 0.664834

Position: 0.10424 0.721018 -0.268151
Normal: 0.840104 0.522777 0.144672
UV: 0.611721 0.651499

Position: 0.10424 0.721018 -0.268151
Normal: 0.824619 0.56568 0.00304742
UV: 0.611721 0.651499

Position: 0.144359 0.663469 -0.441546
Normal: 0.82462 0.56568 0.00304742
UV: 0.595385 0.60508

Position: 0.240644 0.52258 -0.343178
Normal: 0.824619 0.56568 0.00304742
UV: 0.557918 0.632252


[INDEX_DATA]
0 2 1
3 5 4
6 8 7
9 11 10
12 14 13
15 17 16
18 20 19
21 23 22
24 26 25
27 29 28
30 32 31
33 35 34
36 38 37
39 41 40
42 44 43
45 47 46
48 50 49
51 53 52
54 56 55
57 59 58
60 62 61
63 65 64
66 68 67
69 71 70
72 74 73
75 77 76
78 80 79
81 83 82
84 86 85
87 89 88
90 92 91
93 95 94
96 98 97
99 101 100
102 104 103
105 107 106
108 110 109
111 113 112
114 116 115
117 119 118
120 122 121
123 125 124
126 128 127
129 131 130
132 134 133
135 137 136
138 140 139
141 143 142
144 146 145
147 149 148
150 152 151
153 155 154
156 158 157
159 161 160
162 164 163
164 162 165
166 168 167
169 171 170
172 174 173
175 177 176
178 180 179
181 183 182
184 186 185
187 189 188
190 192 191
193 195 194
196 198 197
199 201 200
202 204 203
205 207 206
208 210 209
210 208 211
212 214 213
215 217 216
218 220 219
221 223 222
224 226 225
227 193 194
228 230 229
231 233 232
234 236 235
237 181 182
238 240 239
241 243 242
244 246 245
247 249 248
250 252 251
253 255 254
256 258 257
259 261 260
262 264 263
265 267 266
268 270 269
271 273 272
274 276 275
277 279 278
280 282 281
283 285 284
286 288 287
289 291 290
292 294 293
295 297 296
298 300 299
301 303 302
304 306 305
307 309 308
310 312 311
313 315 314
316 318 317
319 321 320
322 324 323
325 327 326
328 330 329
331 333 332
334 336 335
337 339 338
340 342 341
343 345 344
346 348 347
349 351 350
352 354 353
355 357 356
358 360 359
361 363 362
364 366 365
367 369 368
370 372 371
373 375 374
376 378 377
379 381 380
382 384 383
385 387 386
388 390 389
391 393 392
394 396 395
397 399 398
400 402 401
403 405 404
406 408 407
409 411 410
412 414 413
415 417 416
418 420 419
421 423 422
424 426 425
427 429 428
430 432 431
433 435 434
436 438 437
439 441 440
442 444 443
445 447 446
448 450 449
451 453 452
454 456 455
457 459 458
460 462 461
463 465 464
466 468 467
469 471 470
472 474 473
475 477 476
478 480 479
481 483 482
484 486 485
487 489 488
490 492 491
493 495 494
496 498 497
499 501 500
502 504 503
505 507 506
508 510 509
511 513 512
514 516 515
517 519 518
520 522 521
523 525 524
526 528 527
529 531 530
532 534 533
535 537 536
538 540 539
541 543 542
544 546 545
547 549 548
550 552 551
553 555 554
556 558 557
559 561 560
562 564 563
565 567 566
568 570 569
571 573 572
574 576 575
577 579 578
580 582 581
583 585 584
586 588 587
589 591 590
592 594 593
595 597 596
598 600 599
601 603 602
604 606 605
607 609 608
610 612 611
613 615 614
616 618 617
619 621 620
622 624 623
625 627 626
628 630 629
631 633 632
634 636 635
637 639 638
640 642 641
643 645 644
646 648 647
649 651 650
652 654 653
655 657 656
658 660 659
661 663 662
664 666 665
667 669 668
670 672 671
673 675 674
676 678 677
679 681 680
682 684 683
685 687 686
688 690 689
691 693 692
694 696 695
697 699 698
700 702 701
703 705 704
706 708 707
709 711 710
712 714 713
715 717 716
718 720 719
721 723 722
724 726 725
727 729 728
730 732 731
733 735 734
736 738 737
739 741 740
742 744 743
745 747 746
748 750 749
751 753 752
754 756 755
757 759 758
760 762 761
762 760 763
764 766 765
767 769 768
770 772 771
773 775 774
776 778 777
779 781 780
782 784 783
785 787 786
788 790 789
791 793 792
794 796 795
797 799 798
800 802 801
803 805 804
806 808 807
808 806 809
810 812 811
813 815 814
816 818 817
819 821 820
822 824 823
825 791 792
826 828 827
829 831 830
832 834 833
835 779 780
836 838 837
839 841 840
842 844 843
845 847 846
848 850 849
851 853 852
854 856 855
857 859 858
860 862 861
863 865 864
866 868 867
869 871 870
872 874 873
875 877 876
878 880 879
881 883 882
884 886 885
887 889 888
890 892 891
893 895 894
896 898 897
899 901 900
902 904 903
905 907 906

