[FBX_META_DATA]
MeshCount: 1

[MESH_DATA]
VertexCount: 907
IndexCount: 3270
BoneCount: 0
AnimationClips: 1

[VERTEX_DATA]
Position: 0.987573 0.932723 1.11757
Normal: 0.365723 0.910169 0.194525
UV: 0.158691 0.740234

Position: 0.944481 0.89806 1.22309
Normal: 0.0533853 0.611483 0.789455
UV: 0.183594 0.739746

Position: 0.898024 0.934218 1.15053
Normal: -0.339683 0.893807 0.292786
UV: 0.166504 0.724121

Position: 0.944481 0.89806 0.496913
Normal: 0.057053 0.607005 -0.792647
UV: 0.0131836 0.739746

Position: 0.987573 0.932723 0.60243
Normal: 0.365621 0.910233 -0.194414
UV: 0.0380859 0.740234

Position: 0.898025 0.934218 0.56947
Normal: -0.338226 0.895055 -0.290654
UV: 0.0302734 0.724121

Position: 1.53741 0.383069 0.651427
Normal: 0.909098 0.372273 -0.186959
UV: 0.0493164 0.94873

Position: 1.50416 0.339803 0.547582
Normal: 0.664294 0.181139 -0.725191
UV: 0.0249023 0.94873

Position: 1.54289 0.290924 0.627866
Normal: 0.972556 -0.0650994 -0.223377
UV: 0.0439453 0.96875

Position: 1.50416 0.339803 1.17242
Normal: 0.69717 0.170743 0.696277
UV: 0.171387 0.94873

Position: 1.53741 0.383069 1.06857
Normal: 0.908779 0.372746 0.187565
UV: 0.146973 0.94873

Position: 1.54289 0.290924 1.09213
Normal: 0.968146 -0.072894 0.239541
UV: 0.152832 0.96875

Position: 1.4917 0.105837 -1.15886
Normal: 7.40463e-07 -0.536241 -0.844065
UV: 0.226563 0.583984

Position: 1.59182 0.14731 -1.15886
Normal: 0.37918 -0.37918 -0.844064
UV: 0.262207 0.569336

Position: 1.39158 0.14731 -1.15886
Normal: -0.379179 -0.37918 -0.844065
UV: 0.190918 0.569336

Position: 1.3501 0.247433 -1.15886
Normal: -0.536241 -3.23953e-07 -0.844065
UV: 0.17627 0.533691

Position: 1.6333 0.247433 -1.15886
Normal: 0.536242 -3.47092e-08 -0.844065
UV: 0.276855 0.533691

Position: 1.39158 0.347557 -1.15886
Normal: -0.379178 0.37918 -0.844065
UV: 0.190918 0.498047

Position: 1.59182 0.347557 -1.15886
Normal: 0.248232 0.379992 -0.891059
UV: 0.262207 0.498047

Position: 1.4917 0.389029 -1.15886
Normal: 1.2611e-06 0.536241 -0.844065
UV: 0.226563 0.483398

Position: 1.4917 0.105837 -0.561137
Normal: -1.29581e-06 -0.536241 0.844065
UV: 0.226563 0.583984

Position: 1.39158 0.14731 -0.561137
Normal: -0.379181 -0.379179 0.844065
UV: 0.190918 0.569336

Position: 1.59182 0.14731 -0.561137
Normal: 0.379179 -0.37918 0.844065
UV: 0.262207 0.569336

Position: 1.3501 0.247433 -0.561137
Normal: -0.536241 -3.70231e-07 0.844065
UV: 0.17627 0.533691

Position: 1.6333 0.247433 -0.561137
Normal: 0.536241 -3.12383e-07 0.844065
UV: 0.276855 0.533691

Position: 1.39158 0.347557 -0.561137
Normal: -0.404868 0.404867 0.819856
UV: 0.190918 0.498047

Position: 1.59182 0.347557 -0.561137
Normal: 0.404866 0.404868 0.819857
UV: 0.262207 0.498047

Position: 1.4917 0.389029 -0.561137
Normal: -1.19062e-06 -3.42235e-12 1
UV: 0.226563 0.483398

Position: 1.59182 0.347557 -0.561137
Normal: -1.19062e-06 -3.42235e-12 1
UV: 0.262207 0.498047

Position: 1.39158 0.347557 -0.561137
Normal: -1.19062e-06 -3.42235e-12 1
UV: 0.190918 0.498047

Position: 1.6281 0.111036 -1.08773
Normal: 0.677273 -0.677274 -0.287405
UV: 0.275391 0.582031

Position: 1.6846 0.247433 -1.08773
Normal: 0.967541 -0.0401539 -0.249505
UV: 0.29541 0.533691

Position: 1.4917 0.054539 -1.08773
Normal: 3.67525e-07 -0.957809 -0.287405
UV: 0.226563 0.602051

Position: 1.3553 0.111036 -1.08773
Normal: -0.677273 -0.677273 -0.287406
UV: 0.178223 0.582031

Position: 1.29881 0.247433 -1.08773
Normal: -0.957809 -5.74257e-08 -0.287405
UV: 0.158203 0.533691

Position: 1.3553 0.38383 -1.08773
Normal: -0.677273 0.677273 -0.287406
UV: 0.178223 0.485352

Position: 1.4917 0.440328 -1.08773
Normal: 4.82376e-07 0.957809 -0.287405
UV: 0.226563 0.464844

Position: 1.6281 0.38383 -1.08773
Normal: 0.615642 0.765983 -0.185081
UV: 0.275391 0.485352

Position: 1.6846 0.247433 -1.08773
Normal: 0.768861 0.318473 -0.554461
UV: 0.29541 0.533691

Position: 1.6281 0.38383 -1.08773
Normal: 0.768861 0.318473 -0.554461
UV: 0.275391 0.485352

Position: 1.59182 0.347557 -1.15886
Normal: 0.768861 0.318473 -0.554461
UV: 0.262207 0.498047

Position: 1.68459 0.247433 -0.632271
Normal: 0.957809 -7.46534e-08 0.287406
UV: 0.29541 0.533691

Position: 1.6281 0.111036 -0.632271
Normal: 0.677273 -0.677273 0.287406
UV: 0.275391 0.582031

Position: 1.4917 0.054539 -0.632271
Normal: -3.7901e-07 -0.957809 0.287406
UV: 0.226563 0.602051

Position: 1.3553 0.111036 -0.632271
Normal: -0.677273 -0.677273 0.287405
UV: 0.178223 0.582031

Position: 1.29881 0.247433 -0.632271
Normal: -0.957809 -1.03366e-07 0.287405
UV: 0.158203 0.533691

Position: 1.3553 0.38383 -0.632271
Normal: -0.677273 0.677274 0.287405
UV: 0.178223 0.485352

Position: 1.4917 0.389029 -0.561137
Normal: -1.20749e-06 0.811093 0.584918
UV: 0.226563 0.483398

Position: 1.4917 0.440328 -0.632271
Normal: -4.13465e-07 0.957809 0.287405
UV: 0.226563 0.464844

Position: 1.6281 0.38383 -0.632271
Normal: 0.677273 0.677273 0.287406
UV: 0.275391 0.485352

Position: 1.50416 0.339803 -0.547583
Normal: 0.69717 0.170743 0.696277
UV: 0.171387 0.94873

Position: 1.53741 0.383069 -0.651428
Normal: 0.908779 0.372746 0.187565
UV: 0.146973 0.94873

Position: 1.54289 0.290924 -0.627866
Normal: 0.968146 -0.0728939 0.239541
UV: 0.152832 0.96875

Position: 1.53741 0.383069 -1.06857
Normal: 0.909098 0.372273 -0.186959
UV: 0.0493164 0.94873

Position: 1.50416 0.339803 -1.17242
Normal: 0.664294 0.181139 -0.725191
UV: 0.0249023 0.94873

Position: 1.54289 0.290924 -1.09213
Normal: 0.972556 -0.0650993 -0.223377
UV: 0.0439453 0.96875

Position: 0.944481 0.89806 -1.22309
Normal: 0.0570528 0.607005 -0.792647
UV: 0.0131836 0.739746

Position: 0.987573 0.932723 -1.11757
Normal: 0.365621 0.910233 -0.194414
UV: 0.0380859 0.740234

Position: 0.898025 0.934218 -1.15053
Normal: -0.338226 0.895055 -0.290653
UV: 0.0302734 0.724121

Position: 0.987573 0.932723 -0.60243
Normal: 0.365723 0.910169 0.194525
UV: 0.158691 0.740234

Position: 0.944481 0.89806 -0.496914
Normal: 0.053385 0.611483 0.789455
UV: 0.183594 0.739746

Position: 0.898024 0.934218 -0.56947
Normal: -0.339683 0.893807 0.292786
UV: 0.166504 0.724121

Position: -1.72719 0.105837 -0.561137
Normal: 1.43465e-06 -0.53624 0.844066
UV: 0.226563 0.583984

Position: -1.82731 0.14731 -0.561137
Normal: -0.379179 -0.379179 0.844065
UV: 0.262207 0.569336

Position: -1.62706 0.14731 -0.561137
Normal: 0.379181 -0.379179 0.844065
UV: 0.190918 0.569336

Position: -1.58559 0.247434 -0.561137
Normal: 0.536242 4.04941e-07 0.844064
UV: 0.17627 0.533691

Position: -1.86878 0.247434 -0.561137
Normal: -0.536239 -3.47092e-08 0.844066
UV: 0.276855 0.533691

Position: -1.62706 0.347557 -0.561137
Normal: 0.379182 0.37918 0.844064
UV: 0.190918 0.498047

Position: -1.82731 0.347557 -0.561137
Normal: -0.379178 0.37918 0.844066
UV: 0.262207 0.498047

Position: -1.72719 0.38903 -0.561137
Normal: 1.6429e-06 0.536241 0.844065
UV: 0.226563 0.483398

Position: -1.72719 0.105837 -1.15886
Normal: -1.23796e-06 -0.536242 -0.844064
UV: 0.226563 0.583984

Position: -1.62706 0.14731 -1.15886
Normal: 0.379177 -0.37918 -0.844066
UV: 0.190918 0.569336

Position: -1.82731 0.14731 -1.15886
Normal: -0.379181 -0.37918 -0.844064
UV: 0.262207 0.569336

Position: -1.58559 0.247433 -1.15886
Normal: 0.53624 -2.31395e-07 -0.844066
UV: 0.17627 0.533691

Position: -1.86878 0.247433 -1.15886
Normal: -0.536242 -6.94184e-08 -0.844064
UV: 0.276855 0.533691

Position: -1.62706 0.347557 -1.15886
Normal: 0.379178 0.37918 -0.844065
UV: 0.190918 0.498047

Position: -1.82731 0.347557 -1.15886
Normal: -0.379182 0.37918 -0.844064
UV: 0.262207 0.498047

Position: -1.72719 0.389029 -1.15886
Normal: -6.82614e-07 0.53624 -0.844065
UV: 0.226563 0.483398

Position: -1.86358 0.111037 -0.632271
Normal: -0.677273 -0.677273 0.287407
UV: 0.275391 0.582031

Position: -1.92008 0.247434 -0.632271
Normal: -0.957808 4.59406e-08 0.287407
UV: 0.29541 0.533691

Position: -1.72719 0.0545391 -0.632271
Normal: 1.14851e-08 -0.957809 0.287405
UV: 0.226563 0.602051

Position: -1.59079 0.111037 -0.632271
Normal: 0.677274 -0.677273 0.287405
UV: 0.178223 0.582031

Position: -1.53429 0.247433 -0.632272
Normal: 0.957809 2.87129e-07 0.287404
UV: 0.158203 0.533691

Position: -1.72719 0.440328 -0.632271
Normal: 2.52673e-07 0.957809 0.287405
UV: 0.226563 0.464844

Position: -1.59079 0.38383 -0.632271
Normal: 0.677274 0.677274 0.287404
UV: 0.178223 0.485352

Position: -1.86358 0.38383 -0.632271
Normal: -0.677273 0.677274 0.287406
UV: 0.275391 0.485352

Position: -1.92008 0.247433 -1.08773
Normal: -0.95781 4.0198e-08 -0.287404
UV: 0.29541 0.533691

Position: -1.86358 0.111036 -1.08773
Normal: -0.677274 -0.677274 -0.287404
UV: 0.275391 0.582031

Position: -1.72719 0.054539 -1.08773
Normal: -4.13465e-07 -0.957809 -0.287405
UV: 0.226563 0.602051

Position: -1.59079 0.111036 -1.08773
Normal: 0.677273 -0.677274 -0.287406
UV: 0.178223 0.582031

Position: -1.53429 0.247433 -1.08773
Normal: 0.957808 -3.30198e-07 -0.287407
UV: 0.158203 0.533691

Position: -1.59079 0.38383 -1.08773
Normal: 0.677273 0.677273 -0.287407
UV: 0.178223 0.485352

Position: -1.72719 0.440328 -1.08773
Normal: -2.92871e-07 0.957809 -0.287406
UV: 0.226563 0.464844

Position: -1.86358 0.38383 -1.08773
Normal: -0.677274 0.677273 -0.287404
UV: 0.275391 0.485352

Position: -1.22306 0.932723 0.60243
Normal: -0.365722 0.910169 -0.194525
UV: 0.158691 0.740234

Position: -1.17997 0.89806 0.496914
Normal: -0.0533855 0.611483 -0.789455
UV: 0.183594 0.739746

Position: -1.13351 0.934218 0.56947
Normal: 0.339683 0.893807 -0.292786
UV: 0.166504 0.724121

Position: -1.17997 0.89806 1.22309
Normal: -0.0570522 0.607006 0.792647
UV: 0.0131836 0.739746

Position: -1.22306 0.932723 1.11757
Normal: -0.365621 0.910233 0.194414
UV: 0.0380859 0.740234

Position: -1.13351 0.934218 1.15053
Normal: 0.338226 0.895055 0.290653
UV: 0.0302734 0.724121

Position: -1.7729 0.383069 1.06857
Normal: -0.909098 0.372273 0.186959
UV: 0.0493164 0.94873

Position: -1.73964 0.339803 1.17242
Normal: -0.664293 0.181139 0.725192
UV: 0.0249023 0.94873

Position: -1.77837 0.290924 1.09213
Normal: -0.972556 -0.065099 0.223378
UV: 0.0439453 0.96875

Position: -1.73964 0.339803 0.547583
Normal: -0.69717 0.170743 -0.696276
UV: 0.171387 0.94873

Position: -1.7729 0.383069 0.651428
Normal: -0.908779 0.372747 -0.187565
UV: 0.146973 0.94873

Position: -1.77837 0.290924 0.627867
Normal: -0.968146 -0.0728934 -0.23954
UV: 0.152832 0.96875

Position: -1.86358 0.38383 0.632272
Normal: -0.677274 0.677273 -0.287405
UV: 0.275391 0.485352

Position: -1.92008 0.247433 0.632272
Normal: -0.957809 -3.44554e-08 -0.287405
UV: 0.29541 0.533691

Position: -1.86878 0.247433 0.561137
Normal: -0.536241 -2.33341e-07 -0.844065
UV: 0.276855 0.533691

Position: -1.82731 0.347557 0.561137
Normal: -0.379181 0.379179 -0.844065
UV: 0.262207 0.498047

Position: -1.72719 0.440328 0.632271
Normal: -1.60792e-07 0.957809 -0.287406
UV: 0.226563 0.464844

Position: -1.72719 0.389029 0.561137
Normal: -2.92706e-07 0.536241 -0.844065
UV: 0.226563 0.483398

Position: -1.59079 0.38383 0.632271
Normal: 0.677273 0.677273 -0.287406
UV: 0.178223 0.485352

Position: -1.62706 0.347557 0.561137
Normal: 0.379179 0.379179 -0.844065
UV: 0.190918 0.498047

Position: -1.53429 0.247433 0.632271
Normal: 0.957809 -2.06733e-07 -0.287407
UV: 0.158203 0.533691

Position: -1.58559 0.247433 0.561137
Normal: 0.53624 -2.71662e-07 -0.844066
UV: 0.17627 0.533691

Position: -1.59079 0.111036 0.632271
Normal: 0.677273 -0.677273 -0.287406
UV: 0.178223 0.582031

Position: -1.62706 0.14731 0.561137
Normal: 0.379179 -0.379179 -0.844065
UV: 0.190918 0.569336

Position: -1.72719 0.054539 0.632272
Normal: -2.52673e-07 -0.957809 -0.287405
UV: 0.226563 0.602051

Position: -1.72719 0.105837 0.561137
Normal: -7.15383e-07 -0.536241 -0.844065
UV: 0.226563 0.583984

Position: -1.86358 0.111036 0.632272
Normal: -0.677274 -0.677273 -0.287404
UV: 0.275391 0.582031

Position: -1.82731 0.14731 0.561137
Normal: -0.379181 -0.37918 -0.844064
UV: 0.262207 0.569336

Position: -1.92008 0.247434 1.08773
Normal: -0.957809 2.29703e-07 0.287406
UV: 0.29541 0.533691

Position: -1.86358 0.38383 1.08773
Normal: -0.677273 0.677273 0.287406
UV: 0.275391 0.485352

Position: -1.82731 0.347557 1.15886
Normal: -0.379178 0.37918 0.844065
UV: 0.262207 0.498047

Position: -1.86878 0.247434 1.15886
Normal: -0.536241 5.28642e-07 0.844065
UV: 0.276855 0.533691

Position: -1.72719 0.440328 1.08773
Normal: 4.53663e-07 0.957809 0.287405
UV: 0.226563 0.464844

Position: -1.72719 0.38903 1.15886
Normal: 1.12302e-06 0.536242 0.844064
UV: 0.226563 0.483398

Position: -1.59079 0.38383 1.08773
Normal: 0.677274 0.677273 0.287404
UV: 0.178223 0.485352

Position: -1.62706 0.347557 1.15886
Normal: 0.379181 0.37918 0.844064
UV: 0.190918 0.498047

Position: -1.53429 0.247433 1.08773
Normal: 0.957809 -5.74257e-08 0.287404
UV: 0.158203 0.533691

Position: -1.58559 0.247434 1.15886
Normal: 0.536242 -1.18544e-07 0.844065
UV: 0.17627 0.533691

Position: -1.59079 0.111037 1.08773
Normal: 0.677274 -0.677273 0.287405
UV: 0.178223 0.582031

Position: -1.62706 0.14731 1.15886
Normal: 0.379181 -0.37918 0.844064
UV: 0.190918 0.569336

Position: -1.72719 0.0545391 1.08773
Normal: 5.11089e-07 -0.957809 0.287406
UV: 0.226563 0.602051

Position: -1.72719 0.105837 1.15886
Normal: 1.55727e-06 -0.53624 0.844065
UV: 0.226563 0.583984

Position: -1.86358 0.111037 1.08773
Normal: -0.677273 -0.677273 0.287406
UV: 0.275391 0.582031

Position: -1.82731 0.14731 1.15886
Normal: -0.379178 -0.37918 0.844066
UV: 0.262207 0.569336

Position: -1.22306 0.932723 -1.11757
Normal: -0.365722 0.910169 -0.194525
UV: 0.158691 0.740234

Position: -1.17997 0.89806 -1.22309
Normal: -0.0533854 0.611483 -0.789455
UV: 0.183594 0.739746

Position: -1.13351 0.934218 -1.15053
Normal: 0.339683 0.893807 -0.292786
UV: 0.166504 0.724121

Position: -1.17997 0.89806 -0.496913
Normal: -0.0570526 0.607005 0.792647
UV: 0.0131836 0.739746

Position: -1.22306 0.932723 -0.60243
Normal: -0.365621 0.910233 0.194414
UV: 0.0380859 0.740234

Position: -1.13351 0.934218 -0.56947
Normal: 0.338226 0.895055 0.290654
UV: 0.0302734 0.724121

Position: -1.7729 0.383069 -0.651427
Normal: -0.909098 0.372273 0.186959
UV: 0.0493164 0.94873

Position: -1.73964 0.339803 -0.547582
Normal: -0.664293 0.181139 0.725192
UV: 0.0249023 0.94873

Position: -1.77837 0.290924 -0.627866
Normal: -0.972556 -0.0650983 0.223378
UV: 0.0439453 0.96875

Position: -1.73964 0.339803 -1.17242
Normal: -0.69717 0.170743 -0.696276
UV: 0.171387 0.94873

Position: -1.7729 0.383069 -1.06857
Normal: -0.908779 0.372747 -0.187565
UV: 0.146973 0.94873

Position: -1.77837 0.290924 -1.09213
Normal: -0.968146 -0.0728938 -0.23954
UV: 0.152832 0.96875

Position: 1.6281 0.38383 1.08773
Normal: 0.677273 0.677274 0.287406
UV: 0.275391 0.485352

Position: 1.68459 0.247433 1.08773
Normal: 0.957809 -1.37822e-07 0.287405
UV: 0.29541 0.533691

Position: 1.6333 0.247433 1.15886
Normal: 0.536241 -4.87048e-07 0.844065
UV: 0.276855 0.533691

Position: 1.59182 0.347557 1.15886
Normal: 0.379178 0.37918 0.844065
UV: 0.262207 0.498047

Position: 1.4917 0.440328 1.08773
Normal: -4.13465e-07 0.957809 0.287406
UV: 0.226563 0.464844

Position: 1.4917 0.389029 1.15886
Normal: -1.10529e-06 0.536241 0.844065
UV: 0.226563 0.483398

Position: 1.3553 0.38383 1.08773
Normal: -0.677273 0.677273 0.287405
UV: 0.178223 0.485352

Position: 1.39158 0.347557 1.15886
Normal: -0.37918 0.37918 0.844065
UV: 0.190918 0.498047

Position: 1.29881 0.247433 1.08773
Normal: -0.957809 -3.44554e-08 0.287405
UV: 0.158203 0.533691

Position: 1.3501 0.247433 1.15886
Normal: -0.536241 -1.74664e-07 0.844065
UV: 0.17627 0.533691

Position: 1.3553 0.111036 1.08773
Normal: -0.677273 -0.677273 0.287405
UV: 0.178223 0.582031

Position: 1.39158 0.14731 1.15886
Normal: -0.37918 -0.37918 0.844065
UV: 0.190918 0.569336

Position: 1.4917 0.054539 1.08773
Normal: -2.98614e-07 -0.957809 0.287406
UV: 0.226563 0.602051

Position: 1.4917 0.105837 1.15886
Normal: -8.59433e-07 -0.536241 0.844065
UV: 0.226563 0.583984

Position: 1.6281 0.111036 1.08773
Normal: 0.677273 -0.677273 0.287406
UV: 0.275391 0.582031

Position: 1.59182 0.14731 1.15886
Normal: 0.379179 -0.37918 0.844065
UV: 0.262207 0.569336

Position: 1.6846 0.247433 0.632272
Normal: 0.957809 6.89109e-08 -0.287405
UV: 0.29541 0.533691

Position: 1.6281 0.38383 0.632272
Normal: 0.677273 0.677273 -0.287405
UV: 0.275391 0.485352

Position: 1.59182 0.347557 0.561137
Normal: 0.37918 0.37918 -0.844065
UV: 0.262207 0.498047

Position: 1.6333 0.247433 0.561137
Normal: 0.536242 7.03101e-08 -0.844065
UV: 0.276855 0.533691

Position: 1.4917 0.440328 0.632272
Normal: 3.38812e-07 0.957809 -0.287406
UV: 0.226563 0.464844

Position: 1.4917 0.389029 0.561137
Normal: 2.74972e-07 0.536241 -0.844065
UV: 0.226563 0.483398

Position: 1.3553 0.38383 0.632271
Normal: -0.677273 0.677273 -0.287406
UV: 0.178223 0.485352

Position: 1.39158 0.347557 0.561137
Normal: -0.379178 0.37918 -0.844066
UV: 0.190918 0.498047

Position: 1.29881 0.247433 0.632271
Normal: -0.957809 1.14851e-08 -0.287406
UV: 0.158203 0.533691

Position: 1.3501 0.247433 0.561137
Normal: -0.53624 1.19481e-07 -0.844065
UV: 0.17627 0.533691

Position: 1.3553 0.111036 0.632271
Normal: -0.677273 -0.677273 -0.287406
UV: 0.178223 0.582031

Position: 1.39158 0.14731 0.561137
Normal: -0.379179 -0.379179 -0.844065
UV: 0.190918 0.569336

Position: 1.4917 0.054539 0.632272
Normal: 3.56039e-07 -0.957809 -0.287405
UV: 0.226563 0.602051

Position: 1.4917 0.105837 0.561137
Normal: 2.98111e-07 -0.536241 -0.844065
UV: 0.226563 0.583984

Position: 1.6281 0.111036 0.632272
Normal: 0.677273 -0.677274 -0.287405
UV: 0.275391 0.582031

Position: 1.59182 0.14731 0.561137
Normal: 0.37918 -0.37918 -0.844065
UV: 0.262207 0.569336

Position: 1.35371 0.66362 -0.714454
Normal: 0.672298 -0.538895 -0.50755
UV: 0.549805 0.998047

Position: 1.35371 0.66362 -1.88789e-07
Normal: 0.863743 -0.503932 -2.88238e-07
UV: 0.467285 0.998047

Position: 1.46748 0.858632 -1.50642e-07
Normal: 0.999277 -0.0380236 -8.52091e-10
UV: 0.467285 0.983887

Position: 1.46748 0.858632 -0.770802
Normal: 0.833889 -0.03598 -0.550758
UV: 0.549805 0.983887

Position: 0.609026 1.62686 -1.50642e-07
Normal: 0.620327 0.784343 9.00146e-09
UV: 0.867676 0.452148

Position: 0.609026 1.62686 0.622995
Normal: 0.597372 0.772771 0.21441
UV: 0.779785 0.452148

Position: 0.512768 1.66791 0.604728
Normal: 0.172153 0.969834 0.172584
UV: 0.782227 0.469727

Position: 0.512768 1.66791 -1.50642e-07
Normal: 0.200229 0.979749 -4.79823e-10
UV: 0.867676 0.469727

Position: -1.07717 1.66791 0.604728
Normal: -0.20802 0.962979 0.171461
UV: 0.782227 0.760254

Position: -1.16308 1.62325 0.624364
Normal: -0.723116 0.6522 0.22746
UV: 0.779785 0.776367

Position: -1.16308 1.62325 -1.50642e-07
Normal: -0.751616 0.659601 1.73536e-09
UV: 0.867676 0.776367

Position: -1.07717 1.66791 -1.50642e-07
Normal: -0.237467 0.971396 0
UV: 0.867676 0.760254

Position: 0.512768 1.66791 0.604728
Normal: 0.172153 0.969834 0.172584
UV: 0.660645 0.769043

Position: 0.539273 1.62226 0.7111
Normal: 0.224086 0.680147 0.697987
UV: 0.664063 0.782227

Position: -1.09576 1.62226 0.7111
Normal: -0.291855 0.649471 0.702146
UV: 0.368164 0.782227

Position: -1.07717 1.66791 0.604728
Normal: -0.20802 0.962979 0.171461
UV: 0.370117 0.769043

Position: 0.609026 1.62686 0.622995
Normal: 0.597372 0.772771 0.21441
UV: 0.678223 0.778809

Position: -1.16308 1.62325 0.624364
Normal: -0.723116 0.6522 0.22746
UV: 0.354492 0.779785

Position: 0.512768 1.66791 -0.604728
Normal: 0.172153 0.969834 -0.172584
UV: 0.782227 0.469727

Position: 0.609026 1.62686 -0.622996
Normal: 0.597372 0.772771 -0.21441
UV: 0.779785 0.452148

Position: -1.16308 1.62325 -0.624364
Normal: -0.723116 0.6522 -0.22746
UV: 0.779785 0.776367

Position: -1.07717 1.66791 -0.604728
Normal: -0.20802 0.962979 -0.171461
UV: 0.782227 0.760254

Position: 0.63419 1.91809 0.3312
Normal: 0.228737 0.623267 0.747809
UV: 0.431641 0.57959

Position: 0.107981 1.91687 0.331662
Normal: -0.000147515 0.586283 0.810106
UV: 0.431641 0.489746

Position: 0.12969 1.94876 0.272453
Normal: -0.000467094 0.969736 0.244156
UV: 0.423828 0.491211

Position: 0.615726 1.94876 0.272453
Normal: 0.176119 0.961522 0.210848
UV: 0.424316 0.573242

Position: 0.615726 1.94876 -0.272453
Normal: 0.175673 0.961513 -0.211264
UV: 0.353516 0.573242

Position: 0.12969 1.94876 -0.272453
Normal: -0.000302512 0.969597 -0.244705
UV: 0.353027 0.491699

Position: 0.107981 1.91687 -0.331663
Normal: -0.000324493 0.586741 -0.809775
UV: 0.345703 0.489746

Position: 0.63419 1.91809 -0.3312
Normal: 0.232159 0.612295 -0.755776
UV: 0.345703 0.57959

Position: 0.517953 0.504472 1.30702
Normal: 0.591955 -0.374277 0.713797
UV: 0.424316 0.126465

Position: 0.784403 0.50435 1.3074
Normal: 0.46869 -0.738006 0.485466
UV: 0.349121 0.126465

Position: 0.93172 0.659108 0.88219
Normal: 0.914581 -0.338007 0.222021
UV: 0.332031 0.189453

Position: 0.517953 0.504471 -1.30702
Normal: 0.591955 -0.374278 -0.713796
UV: 0.424316 0.126465

Position: 0.93172 0.659108 -0.88219
Normal: 0.914581 -0.338007 -0.222021
UV: 0.332031 0.189453

Position: 0.784403 0.50435 -1.3074
Normal: 0.46869 -0.738006 -0.485466
UV: 0.349121 0.126465

Position: 0.517953 0.751802 1.34031
Normal: 0.371865 0.349202 0.860101
UV: 0.412109 0.109375

Position: 0.45177 0.852907 1.28527
Normal: 0.0866706 0.809632 0.580504
UV: 0.424316 0.126465

Position: 0.715333 0.852633 1.28556
Normal: 0.215491 0.709741 0.670695
UV: 0.349121 0.126465

Position: 0.784398 0.751614 1.34068
Normal: 0.530859 0.198777 0.823818
UV: 0.336426 0.109375

Position: -0.602137 0.939271 0.983709
Normal: -0.878668 0.345506 0.329496
UV: 0.708984 0.208008

Position: -0.478761 0.979974 1.05034
Normal: -0.296167 0.820365 0.489169
UV: 0.687012 0.189453

Position: -0.385682 0.662295 1.63946
Normal: -0.193299 0.731739 0.653601
UV: 0.656738 0.0263672

Position: -0.471666 0.564289 1.69687
Normal: -0.597454 0.335125 0.728519
UV: 0.672363 0.0102539

Position: 0.778199 0.979426 1.05035
Normal: 0.276342 0.799851 0.532797
UV: 0.332031 0.189453

Position: 0.931716 0.9391 0.98412
Normal: 0.426512 0.715974 0.552693
UV: 0.310059 0.208008

Position: 0.287731 0.662093 1.6393
Normal: 0.170702 0.715961 0.676949
UV: 0.468262 0.0263672

Position: 0.35396 0.564306 1.69688
Normal: 0.514211 0.31744 0.796755
UV: 0.456055 0.0102539

Position: 0.517953 0.751802 1.34031
Normal: 0.371865 0.349202 0.860101
UV: 0.865723 0.928223

Position: 0.784398 0.751614 1.34068
Normal: 0.530859 0.198777 0.823818
UV: 0.905762 0.928223

Position: 0.784403 0.50435 1.3074
Normal: 0.46869 -0.738006 0.485466
UV: 0.905762 0.998047

Position: 0.517953 0.504472 1.30702
Normal: 0.591955 -0.374277 0.713797
UV: 0.865723 0.998047

Position: 0.715333 0.852633 -1.28556
Normal: 0.215491 0.709741 -0.670695
UV: 0.349121 0.126465

Position: 0.45177 0.852907 -1.28527
Normal: 0.0866699 0.809632 -0.580504
UV: 0.424316 0.126465

Position: 0.517953 0.751802 -1.34031
Normal: 0.371865 0.349203 -0.860101
UV: 0.412109 0.109375

Position: 0.784398 0.751614 -1.34068
Normal: 0.530859 0.198776 -0.823818
UV: 0.336426 0.109375

Position: -0.385682 0.662295 -1.63946
Normal: -0.193299 0.731738 -0.653601
UV: 0.656738 0.0263672

Position: -0.478761 0.979974 -1.05034
Normal: -0.296167 0.820365 -0.489169
UV: 0.687012 0.189453

Position: -0.602137 0.939271 -0.983709
Normal: -0.878668 0.345506 -0.329496
UV: 0.708984 0.208008

Position: -0.471666 0.564289 -1.69687
Normal: -0.597454 0.335125 -0.728519
UV: 0.672363 0.0102539

Position: 0.778199 0.979426 -1.05035
Normal: 0.276342 0.799851 -0.532798
UV: 0.332031 0.189453

Position: 0.931716 0.9391 -0.98412
Normal: 0.836028 0.260979 -0.482646
UV: 0.310059 0.208008

Position: 0.287731 0.662093 -1.6393
Normal: 0.170701 0.715962 -0.676949
UV: 0.468262 0.0263672

Position: 0.35396 0.564306 -1.69688
Normal: 0.514211 0.317441 -0.796755
UV: 0.456055 0.0102539

Position: 0.784403 0.50435 -1.3074
Normal: 0.46869 -0.738006 -0.485466
UV: 0.905762 0.998047

Position: 0.784398 0.751614 -1.34068
Normal: 0.530859 0.198776 -0.823818
UV: 0.905762 0.928223

Position: 0.517953 0.751802 -1.34031
Normal: 0.371865 0.349203 -0.860101
UV: 0.865723 0.928223

Position: 0.517953 0.504471 -1.30702
Normal: 0.591955 -0.374278 -0.713796
UV: 0.865723 0.998047

Position: -0.857637 0.514287 1.34777
Normal: -0.405216 -0.556111 0.725631
UV: 0.606934 0.591797

Position: -0.950031 0.588907 1.2808
Normal: -0.955178 -0.121153 0.270104
UV: 0.614258 0.577637

Position: -0.922208 0.828273 1.47187
Normal: -0.919706 -0.0524323 0.389091
UV: 0.593262 0.531738

Position: -0.834507 0.810711 1.59614
Normal: -0.417502 -0.206541 0.884892
UV: 0.57959 0.535156

Position: 0.0302872 0.810711 1.59614
Normal: 0.412275 -0.204507 0.88781
UV: 0.57959 0.535156

Position: 0.117989 0.828273 1.47187
Normal: 0.927973 -0.0328029 0.371202
UV: 0.593262 0.531738

Position: 0.145811 0.588907 1.2808
Normal: 0.959422 -0.120459 0.254949
UV: 0.614258 0.577637

Position: 0.0534177 0.514287 1.34777
Normal: 0.728159 -0.405917 0.552283
UV: 0.606934 0.591797

Position: -0.88496 1.43025 1.36075
Normal: -0.920531 0.273113 0.279342
UV: 0.605469 0.416992

Position: -0.803539 1.47516 1.47052
Normal: -0.417292 0.512268 0.750632
UV: 0.593262 0.408203

Position: -0.000680351 1.47516 1.47052
Normal: 0.416233 0.514646 0.749593
UV: 0.593262 0.408203

Position: 0.0807405 1.43025 1.36075
Normal: 0.925324 0.269163 0.26707
UV: 0.605469 0.416992

Position: -0.85269 1.71636 0.940958
Normal: -0.889586 0.446261 0.097404
UV: 0.651367 0.362305

Position: -0.776711 1.79098 0.976904
Normal: -0.370384 0.891948 0.259317
UV: 0.647461 0.348145

Position: -0.0275087 1.79098 0.976904
Normal: 0.371424 0.891208 0.260369
UV: 0.647461 0.348145

Position: 0.0484706 1.71636 0.940958
Normal: 0.889712 0.445349 0.100386
UV: 0.651367 0.362305

Position: -0.85269 1.71636 -5.15677e-08
Normal: -0.904634 0.426189 7.86759e-10
UV: 0.753906 0.362305

Position: -0.776711 1.79098 -5.15677e-08
Normal: -0.378508 0.925598 0
UV: 0.753906 0.348145

Position: -0.0275087 1.79098 -5.15677e-08
Normal: 0.378507 0.925598 1.14851e-10
UV: 0.753906 0.348145

Position: 0.0484706 1.71636 -5.15677e-08
Normal: 0.904634 0.42619 2.11732e-10
UV: 0.753906 0.362305

Position: 0.5521 1.1125 -0.825474
Normal: 0.884333 -0.335455 -0.324693
UV: 0.330078 0.693848

Position: 0.510622 1.22813 -1.07545
Normal: 0.84786 -0.238693 -0.473454
UV: 0.286133 0.65625

Position: 0.449303 1.21865 -1.14527
Normal: 0.355153 -0.335382 -0.872574
UV: 0.272949 0.662109

Position: 0.4971 1.03193 -0.814181
Normal: 0.344583 -0.795532 -0.498388
UV: 0.325684 0.705078

Position: 0.514282 1.50559 -0.994293
Normal: 0.837353 0.41409 -0.356889
UV: 0.287109 0.600098

Position: 0.453604 1.5268 -1.05678
Normal: 0.34393 0.650576 -0.677099
UV: 0.274414 0.592773

Position: 0.5521 1.56437 -0.708253
Normal: 0.807349 0.547226 -0.220749
UV: 0.330078 0.566406

Position: 0.4971 1.62212 -0.666131
Normal: 0.257183 0.933372 -0.250347
UV: 0.32666 0.557617

Position: -1.59691 0.858632 0.799917
Normal: -0.827471 -0.0363594 0.56033
UV: 0.549805 0.983887

Position: -1.32919 0.858632 0.892788
Normal: -0.50556 -0.041796 0.861779
UV: 0.574219 0.983887

Position: -1.23356 0.66362 0.827616
Normal: -0.486174 -0.482006 0.728907
UV: 0.574219 0.998047

Position: -1.48172 0.66362 0.741529
Normal: -0.661471 -0.544969 0.515232
UV: 0.549805 0.998047

Position: -1.32919 0.858632 -0.892789
Normal: -0.505571 -0.0419602 -0.861764
UV: 0.359863 0.983887

Position: -1.59691 0.858632 -0.799918
Normal: -0.827445 -0.0364307 -0.560364
UV: 0.384766 0.983887

Position: -1.48172 0.66362 -0.741442
Normal: -0.661464 -0.545142 -0.515059
UV: 0.384766 0.998047

Position: -1.23356 0.66362 -0.827529
Normal: -0.486076 -0.48225 -0.72881
UV: 0.359863 0.998047

Position: -1.59691 0.858632 -1.88789e-07
Normal: -0.999254 -0.0386307 -4.64069e-08
UV: 0.467285 0.983887

Position: -1.48172 0.66362 -1.12495e-07
Normal: -0.861021 -0.508569 -6.92096e-08
UV: 0.467285 0.998047

Position: -1.08031 0.858632 1.14343
Normal: -0.416557 -0.037282 0.908345
UV: 0.62207 0.983887

Position: -1.00286 0.66362 1.05995
Normal: -0.296051 -0.472852 0.829919
UV: 0.62207 0.998047

Position: -1.08031 0.858632 -1.14343
Normal: -0.416538 -0.0374182 -0.908348
UV: 0.312012 0.983887

Position: -1.00286 0.66362 -1.05986
Normal: -0.296035 -0.473147 -0.829756
UV: 0.312012 0.998047

Position: 1.21906 0.858632 -0.86397
Normal: 0.549559 -0.0420637 -0.834396
UV: 0.574219 0.983887

Position: 1.12343 0.66362 -0.800816
Normal: 0.523389 -0.483812 -0.70142
UV: 0.574219 0.998047

Position: 1.21906 0.858632 0.86397
Normal: 0.549545 -0.0419029 0.834413
UV: 0.359863 0.983887

Position: 1.46748 0.858632 0.770802
Normal: 0.833915 -0.0359089 0.550723
UV: 0.384766 0.983887

Position: 1.35371 0.66362 0.71454
Normal: 0.672306 -0.538724 0.507721
UV: 0.384766 0.998047

Position: 1.12343 0.66362 0.800903
Normal: 0.523492 -0.483577 0.701505
UV: 0.359863 0.998047

Position: 0.983121 0.858632 -1.14343
Normal: 0.452445 -0.037063 -0.891022
UV: 0.62207 0.983887

Position: 0.904727 0.66362 -1.05986
Normal: 0.326963 -0.480231 -0.813925
UV: 0.62207 0.998047

Position: 0.983121 0.858632 1.14343
Normal: 0.452467 -0.0369316 0.891016
UV: 0.312012 0.983887

Position: 0.904727 0.66362 1.05995
Normal: 0.326977 -0.479943 0.814089
UV: 0.312012 0.998047

Position: -1.08031 0.858632 -1.14343
Normal: -0.416538 -0.0374182 -0.908348
UV: 0.998535 0.983887

Position: -1.00286 0.66362 -1.05986
Normal: -0.296035 -0.473147 -0.829756
UV: 0.998535 0.998047

Position: 0.983121 0.858632 1.14343
Normal: 0.452467 -0.0369316 0.891016
UV: 0.998535 0.983887

Position: 0.904727 0.66362 1.05995
Normal: 0.326977 -0.479943 0.814089
UV: 0.998535 0.998047

Position: 0.793393 1.31297 0.50344
Normal: -0.417603 0.891317 0.176525
UV: 0.756836 0.0966797

Position: 1.2016 1.52677 0.39006
Normal: -0.119531 0.985696 0.118809
UV: 0.777344 0.0180664

Position: 1.2223 1.50987 0.461189
Normal: 0.0786329 0.941359 0.328116
UV: 0.76416 0.0151367

Position: 0.81382 1.29611 0.574663
Normal: -0.156841 0.680624 0.715648
UV: 0.744141 0.09375

Position: 0.81382 1.29611 -0.574663
Normal: -0.142622 0.67903 -0.720123
UV: 0.951172 0.09375

Position: 1.2223 1.50987 -0.46119
Normal: 0.126116 0.754786 -0.643734
UV: 0.930664 0.0151367

Position: 1.2016 1.52677 -0.39006
Normal: -0.119471 0.985712 -0.118734
UV: 0.917969 0.0180664

Position: 0.793393 1.31297 -0.50344
Normal: -0.417805 0.89124 -0.176435
UV: 0.938477 0.0966797

Position: 1.28096 1.50691 -0.378405
Normal: 0.476222 0.865491 -0.155363
UV: 0.915527 0.00439453

Position: 1.28096 1.50691 0.378405
Normal: 0.476412 0.86533 0.155675
UV: 0.779297 0.00439453

Position: 1.48886 1.29226 -0.459997
Normal: 0.708091 0.198805 -0.677557
UV: 0.78418 0.027832

Position: 1.35027 0.950265 -0.518753
Normal: 0.582599 -0.552975 -0.595648
UV: 0.768555 0.0878906

Position: 1.38938 0.981803 -0.428168
Normal: 0.825875 -0.55408 -0.104527
UV: 0.77832 0.090332

Position: 1.51304 1.27292 -0.378405
Normal: 0.986444 -0.0859977 -0.139758
UV: 0.793945 0.0302734

Position: 1.51304 1.27292 0.378405
Normal: 0.987115 -0.0832566 0.136646
UV: 0.901367 0.0302734

Position: 1.38938 0.981803 0.428168
Normal: 0.823206 -0.559085 0.0987763
UV: 0.916504 0.090332

Position: 1.35027 0.950265 0.518753
Normal: 0.629028 -0.630493 0.454756
UV: 0.926758 0.0878906

Position: 1.48886 1.29226 0.459997
Normal: 0.714904 0.215854 0.665071
UV: 0.911133 0.027832

Position: 1.49967 1.32819 -0.378405
Normal: 0.821825 0.544764 -0.166844
UV: 0.691406 0.302246

Position: 1.28096 1.50691 -0.378405
Normal: 0.476222 0.865491 -0.155363
UV: 0.691406 0.244141

Position: 1.2223 1.50987 -0.46119
Normal: 0.126116 0.754786 -0.643734
UV: 0.679688 0.236816

Position: 1.48886 1.29226 -0.459997
Normal: 0.708091 0.198805 -0.677557
UV: 0.680176 0.307617

Position: 1.48886 1.29226 0.459997
Normal: 0.714904 0.215854 0.665071
UV: 0.807129 0.307617

Position: 1.2223 1.50987 0.461189
Normal: 0.0786329 0.941359 0.328116
UV: 0.807129 0.236816

Position: 1.28096 1.50691 0.378405
Normal: 0.476412 0.86533 0.155675
UV: 0.795898 0.244141

Position: 1.49967 1.32819 0.378405
Normal: 0.821683 0.544914 0.167051
UV: 0.795898 0.302734

Position: 1.49967 1.32819 0.378405
Normal: 0.821683 0.544914 0.167051
UV: 0.899414 0.0200195

Position: 1.49967 1.32819 -0.378405
Normal: 0.821825 0.544764 -0.166844
UV: 0.79541 0.0200195

Position: 1.26113 0.9271 -0.574663
Normal: 0.533435 -0.0113742 -0.845765
UV: 0.760742 0.0952148

Position: 1.26113 0.9271 0.574663
Normal: 0.386205 -0.325308 0.863146
UV: 0.934082 0.0952148

Position: -0.922208 0.828273 -1.47187
Normal: -0.919706 -0.0524323 -0.389091
UV: 0.593262 0.531738

Position: -0.950031 0.588907 -1.2808
Normal: -0.955178 -0.121153 -0.270104
UV: 0.614258 0.577637

Position: -0.857637 0.514287 -1.34777
Normal: -0.405216 -0.556111 -0.725631
UV: 0.606934 0.591797

Position: -0.834507 0.810711 -1.59614
Normal: -0.417502 -0.206541 -0.884892
UV: 0.57959 0.535156

Position: 0.145811 0.588907 -1.2808
Normal: 0.959422 -0.120459 -0.254949
UV: 0.614258 0.577637

Position: 0.117989 0.828273 -1.47187
Normal: 0.927973 -0.0328029 -0.371202
UV: 0.593262 0.531738

Position: 0.0302872 0.810711 -1.59614
Normal: 0.412275 -0.204507 -0.88781
UV: 0.57959 0.535156

Position: 0.0534177 0.514287 -1.34777
Normal: 0.396283 -0.571285 -0.718744
UV: 0.606934 0.591797

Position: -0.88496 1.43025 -1.36075
Normal: -0.920531 0.273113 -0.279342
UV: 0.605469 0.416992

Position: -0.803539 1.47516 -1.47052
Normal: -0.417292 0.512268 -0.750632
UV: 0.593262 0.408203

Position: 0.0807405 1.43025 -1.36075
Normal: 0.925324 0.269163 -0.26707
UV: 0.605469 0.416992

Position: -0.000680351 1.47516 -1.47052
Normal: 0.416233 0.514646 -0.749593
UV: 0.593262 0.408203

Position: -0.85269 1.71636 -0.940958
Normal: -0.889586 0.446261 -0.0974041
UV: 0.651367 0.362305

Position: -0.776711 1.79098 -0.976904
Normal: -0.370384 0.891947 -0.259317
UV: 0.647461 0.348145

Position: 0.0484706 1.71636 -0.940958
Normal: 0.889712 0.445349 -0.100386
UV: 0.651367 0.362305

Position: -0.0275087 1.79098 -0.976904
Normal: 0.371424 0.891208 -0.260369
UV: 0.647461 0.348145

Position: 1.1318 1.30825 -0.413229
Normal: 0.796712 0.06303 -0.601064
UV: 0.334961 0.744141

Position: 1.12386 1.37118 -0.341071
Normal: 0.876333 0.44732 -0.178733
UV: 0.344238 0.730957

Position: 0.686572 1.91868 -0.272453
Normal: 0.600994 0.762482 -0.239639
UV: 0.353027 0.585938

Position: 0.686572 1.91868 0.272453
Normal: 0.599206 0.765059 0.235875
UV: 0.423828 0.585938

Position: 1.12386 1.37118 0.341071
Normal: 0.879162 0.443857 0.173391
UV: 0.432617 0.730957

Position: 1.1318 1.30825 0.413229
Normal: 0.839985 0.0610161 0.539167
UV: 0.442383 0.743652

Position: 1.1318 1.30825 -0.413229
Normal: 0.796712 0.06303 -0.601064
UV: 1.47656 -0.078125

Position: 1.1318 1.30825 0.413229
Normal: 0.839985 0.0610161 0.539167
UV: 1.56836 -0.169434

Position: 1.12386 1.37118 0.341071
Normal: 0.879162 0.443857 0.173391
UV: 1.47656 -0.078125

Position: 1.12386 1.37118 -0.341071
Normal: 0.876333 0.44732 -0.178733
UV: 1.56836 0.0131836

Position: -0.418228 1.91565 -0.332125
Normal: -0.410928 0.682792 -0.604097
UV: 0.345215 0.399902

Position: -0.356347 1.94876 -0.272453
Normal: -0.184928 0.963644 -0.192854
UV: 0.353027 0.409668

Position: -0.356347 1.94876 0.272453
Normal: -0.185458 0.963705 0.192039
UV: 0.423828 0.409668

Position: -0.418228 1.91565 0.332125
Normal: -0.411141 0.682663 0.604098
UV: 0.431641 0.399902

Position: 1.1318 1.30825 -0.413229
Normal: 0.796712 0.06303 -0.601064
UV: 1.56836 0.0131836

Position: 1.07804 1.21287 -0.457766
Normal: 0.482611 0.132252 -0.865792
UV: 1.56836 0.0131836

Position: 1.07804 1.21287 0.457766
Normal: 0.539275 -0.0333877 0.841468
UV: 1.56836 -0.169434

Position: -1.09576 1.62226 -0.711101
Normal: -0.291855 0.649471 -0.702146
UV: 0.368164 0.782227

Position: 0.539273 1.62226 -0.711101
Normal: 0.224086 0.680147 -0.697987
UV: 0.664063 0.782227

Position: 0.512768 1.66791 -0.604728
Normal: 0.172153 0.969834 -0.172584
UV: 0.660645 0.769043

Position: -1.07717 1.66791 -0.604728
Normal: -0.20802 0.962979 -0.171461
UV: 0.370117 0.769043

Position: 0.609026 1.62686 -0.622996
Normal: 0.597372 0.772771 -0.21441
UV: 0.678223 0.778809

Position: -1.16308 1.62325 -0.624364
Normal: -0.723116 0.6522 -0.22746
UV: 0.354492 0.779785

Position: 1.28265 0.703142 1.10588
Normal: 0.692339 0.682896 0.233067
UV: 0.155762 0.838867

Position: 1.28265 0.703142 0.614121
Normal: 0.692042 0.683363 -0.232578
UV: 0.0405273 0.838867

Position: 0.590253 0.636653 1.17424
Normal: -0.954789 -0.102988 0.278876
UV: 0.172852 0.609375

Position: 0.590253 0.636653 0.545758
Normal: -0.955365 -0.104267 -0.276418
UV: 0.0229492 0.609375

Position: 1.09552 0.401043 1.23925
Normal: 0.0960737 0.0442205 0.994391
UV: 0.304688 0.832031

Position: 0.647064 0.610162 1.25272
Normal: -0.447946 0.198065 0.871845
UV: 0.304688 0.700684

Position: 0.944481 0.89806 1.22309
Normal: 0.0533853 0.611483 0.789455
UV: 0.188477 0.739746

Position: 1.25061 0.659793 1.21063
Normal: 0.445849 0.391681 0.804864
UV: 0.214355 0.841309

Position: 1.46401 0.229214 1.19792
Normal: 0.476972 -0.243203 0.8446
UV: 0.304688 0.956055

Position: 1.50416 0.339803 1.17242
Normal: 0.69717 0.170743 0.696277
UV: 0.269531 0.94873

Position: 1.25061 0.659793 0.509369
Normal: 0.442487 0.384453 -0.810186
UV: 0.214355 0.841309

Position: 0.944481 0.89806 0.496913
Normal: 0.057053 0.607005 -0.792647
UV: 0.188477 0.739746

Position: 0.647065 0.610162 0.46728
Normal: -0.443521 0.193352 -0.875159
UV: 0.304688 0.700684

Position: 1.09552 0.401044 0.480753
Normal: 0.111904 0.0574756 -0.992055
UV: 0.304688 0.832031

Position: 1.50416 0.339803 0.547582
Normal: 0.664294 0.181139 -0.725191
UV: 0.269531 0.94873

Position: 1.46401 0.229214 0.522085
Normal: 0.447452 -0.211895 -0.868842
UV: 0.304688 0.956055

Position: 1.5203 0.202967 0.60892
Normal: 0.476127 -0.840879 -0.257343
UV: 0.0380859 0.993164

Position: 1.5203 0.202967 1.11108
Normal: 0.480683 -0.832666 0.274976
UV: 0.160156 0.993652

Position: 1.25061 0.659793 1.21063
Normal: 0.445849 0.391681 0.804864
UV: 0.180664 0.841309

Position: 1.25061 0.659793 0.509369
Normal: 0.442487 0.384453 -0.810186
UV: 0.0161133 0.841309

Position: 0.647065 0.610162 0.46728
Normal: -0.443521 0.193352 -0.875159
UV: 0.00585938 0.629395

Position: 0.647064 0.610162 1.25272
Normal: -0.447946 0.198065 0.871845
UV: 0.19043 0.629883

Position: 1.46401 0.229214 1.19792
Normal: 0.476972 -0.243203 0.8446
UV: 0.177734 0.981934

Position: 1.46401 0.229214 0.522085
Normal: 0.447452 -0.211895 -0.868842
UV: 0.0185547 0.980469

Position: 1.14622 -0.0413216 -0.66054
Normal: -0.387003 -0.894598 0.223436
UV: 0.0571289 0.28125

Position: 1.09278 -0.0413216 -0.86
Normal: -0.446872 -0.894598 -3.86739e-07
UV: 0.00732422 0.28125

Position: 0.976993 0.0165166 -0.86
Normal: -0.871483 -0.490425 -4.76851e-07
UV: 0.00732422 0.269531

Position: 1.04595 0.0165166 -0.602646
Normal: -0.754727 -0.490425 0.435741
UV: 0.0571289 0.269531

Position: 1.29224 -0.0413216 -0.514524
Normal: -0.223437 -0.894598 0.387002
UV: 0.106445 0.28125

Position: 1.23435 0.0165166 -0.41425
Normal: -0.435742 -0.490425 0.754726
UV: 0.106445 0.269531

Position: 1.4917 -0.0413216 -0.461079
Normal: -6.65357e-08 -0.894598 0.446873
UV: 0.15625 0.28125

Position: 1.4917 0.0165166 -0.345292
Normal: -6.58361e-07 -0.490425 0.871483
UV: 0.15625 0.269531

Position: 1.69116 -0.0413216 -0.514524
Normal: 0.223436 -0.894598 0.387003
UV: 0.206055 0.28125

Position: 1.74905 0.0165166 -0.41425
Normal: 0.435741 -0.490426 0.754727
UV: 0.206055 0.269531

Position: 1.83718 -0.0413216 -0.660539
Normal: 0.387002 -0.894598 0.223436
UV: 0.255371 0.28125

Position: 1.93745 0.0165166 -0.602646
Normal: 0.754726 -0.490425 0.435742
UV: 0.255371 0.269531

Position: 1.89062 -0.0413216 -0.859999
Normal: 0.446872 -0.894598 4.6575e-07
UV: 0.305176 0.28125

Position: 2.00641 0.0165166 -0.859999
Normal: 0.871483 -0.490425 4.66852e-07
UV: 0.305176 0.269531

Position: 1.93745 0.0165166 -1.11735
Normal: 0.754727 -0.490425 -0.435741
UV: 0.255371 0.269531

Position: 2.00641 0.146942 -0.859999
Normal: 0.926173 0.3771 4.54975e-07
UV: 0.305176 0.238281

Position: 1.93745 0.146942 -1.11735
Normal: 0.802089 0.3771 -0.463086
UV: 0.255371 0.238281

Position: 1.74905 0.0165166 -1.30575
Normal: 0.435742 -0.490425 -0.754727
UV: 0.206055 0.269531

Position: 1.74905 0.146942 -1.30575
Normal: 0.463087 0.3771 -0.802089
UV: 0.206055 0.238281

Position: 1.4917 0.0165166 -1.37471
Normal: 2.47655e-07 -0.490425 -0.871483
UV: 0.15625 0.269531

Position: 1.4917 0.146942 -1.37471
Normal: 2.54334e-07 0.3771 -0.926173
UV: 0.15625 0.238281

Position: 1.23435 0.0165166 -1.30575
Normal: -0.435741 -0.490425 -0.754727
UV: 0.106445 0.269531

Position: 1.23435 0.146942 -1.30575
Normal: -0.463086 0.3771 -0.802089
UV: 0.106445 0.238281

Position: 1.04595 0.0165166 -1.11735
Normal: -0.754726 -0.490425 -0.435742
UV: 0.0571289 0.269531

Position: 1.04595 0.146942 -1.11735
Normal: -0.802089 0.3771 -0.463087
UV: 0.0571289 0.238281

Position: 0.976993 0.146942 -0.86
Normal: -0.926172 0.3771 -4.57801e-07
UV: 0.00732422 0.238281

Position: 1.04595 0.146942 -0.602646
Normal: -0.802089 0.3771 0.463086
UV: 0.0571289 0.238281

Position: 1.23435 0.146942 -0.41425
Normal: -0.463087 0.3771 0.802089
UV: 0.106445 0.238281

Position: 1.4917 0.146942 -0.345292
Normal: -8.16695e-07 0.3771 0.926173
UV: 0.15625 0.238281

Position: 1.74905 0.146942 -0.41425
Normal: 0.463086 0.3771 0.802089
UV: 0.206055 0.238281

Position: 1.93745 0.146942 -0.602646
Normal: 0.802089 0.3771 0.463087
UV: 0.255371 0.238281

Position: 1.4917 0.054539 -1.08773
Normal: 3.67525e-07 -0.957809 -0.287405
UV: 0.0708008 0.116211

Position: 1.3553 0.111036 -1.08773
Normal: -0.677273 -0.677273 -0.287406
UV: 0.043457 0.116211

Position: 1.3553 0.111036 -0.632271
Normal: -0.677273 -0.677273 0.287405
UV: 0.043457 0.210938

Position: 1.4917 0.054539 -0.632271
Normal: -3.7901e-07 -0.957809 0.287406
UV: 0.0708008 0.210938

Position: 1.6281 0.111036 -1.08773
Normal: 0.677273 -0.677274 -0.287405
UV: 0.0981445 0.116211

Position: 1.6281 0.111036 -0.632271
Normal: 0.677273 -0.677273 0.287406
UV: 0.0981445 0.210938

Position: 1.6846 0.247433 -1.08773
Normal: 0.967541 -0.0401539 -0.249505
UV: 0.125977 0.116211

Position: 1.68459 0.247433 -0.632271
Normal: 0.957809 -7.46534e-08 0.287406
UV: 0.125977 0.210938

Position: 1.6281 0.38383 -1.08773
Normal: 0.615642 0.765983 -0.185081
UV: 0.15332 0.116211

Position: 1.6281 0.38383 -0.632271
Normal: 0.677273 0.677273 0.287406
UV: 0.15332 0.210938

Position: 1.4917 0.440328 -1.08773
Normal: 4.82376e-07 0.957809 -0.287405
UV: 0.181152 0.116211

Position: 1.4917 0.440328 -0.632271
Normal: -4.13465e-07 0.957809 0.287405
UV: 0.181152 0.210938

Position: 1.3553 0.38383 -1.08773
Normal: -0.677273 0.677273 -0.287406
UV: 0.208984 0.116211

Position: 1.3553 0.38383 -0.632271
Normal: -0.677273 0.677274 0.287405
UV: 0.208984 0.210938

Position: 1.29881 0.247433 -1.08773
Normal: -0.957809 -5.74257e-08 -0.287405
UV: 0.236328 0.116211

Position: 1.29881 0.247433 -0.632271
Normal: -0.957809 -1.03366e-07 0.287405
UV: 0.236328 0.210938

Position: 1.90942 0.237141 -0.859999
Normal: 0.416221 0.909264 2.20741e-07
UV: 0.0751953 0.467285

Position: 1.85345 0.237141 -0.651142
Normal: 0.360457 0.909264 0.208111
UV: 0.0429688 0.475586

Position: 1.85345 0.237141 -1.06886
Normal: 0.360458 0.909264 -0.20811
UV: 0.107422 0.475586

Position: 1.70056 0.237141 -1.22175
Normal: 0.20811 0.909264 -0.360457
UV: 0.130859 0.499023

Position: 1.70056 0.237141 -0.498248
Normal: 0.20811 0.909264 0.360457
UV: 0.0195313 0.499023

Position: 1.4917 0.237141 -1.27771
Normal: 1.58986e-07 0.909264 -0.41622
UV: 0.13916 0.53125

Position: 1.4917 0.237141 -0.442285
Normal: -3.62647e-07 0.909264 0.41622
UV: 0.0107422 0.53125

Position: 1.28284 0.237141 -1.22175
Normal: -0.20811 0.909264 -0.360457
UV: 0.130859 0.563477

Position: 1.28284 0.237141 -0.498249
Normal: -0.20811 0.909264 0.360457
UV: 0.0195313 0.563477

Position: 1.12995 0.237141 -1.06886
Normal: -0.360457 0.909264 -0.20811
UV: 0.107422 0.586914

Position: 1.12995 0.237141 -0.651143
Normal: -0.360458 0.909264 0.20811
UV: 0.0429688 0.586914

Position: 1.07399 0.237141 -0.86
Normal: -0.41622 0.909264 -2.11544e-07
UV: 0.0751953 0.595703

Position: 1.90942 0.237141 -0.859999
Normal: 0.416221 0.909264 2.20741e-07
UV: 0.305176 0.21582

Position: 1.85345 0.237141 -1.06886
Normal: 0.360458 0.909264 -0.20811
UV: 0.255371 0.21582

Position: 1.70056 0.237141 -1.22175
Normal: 0.20811 0.909264 -0.360457
UV: 0.206055 0.21582

Position: 1.4917 0.237141 -1.27771
Normal: 1.58986e-07 0.909264 -0.41622
UV: 0.15625 0.21582

Position: 1.28284 0.237141 -1.22175
Normal: -0.20811 0.909264 -0.360457
UV: 0.106445 0.21582

Position: 1.12995 0.237141 -1.06886
Normal: -0.360457 0.909264 -0.20811
UV: 0.0571289 0.21582

Position: 1.07399 0.237141 -0.86
Normal: -0.41622 0.909264 -2.11544e-07
UV: 0.00732422 0.21582

Position: 1.12995 0.237141 -0.651143
Normal: -0.360458 0.909264 0.20811
UV: 0.0571289 0.21582

Position: 1.28284 0.237141 -0.498249
Normal: -0.20811 0.909264 0.360457
UV: 0.106445 0.21582

Position: 1.4917 0.237141 -0.442285
Normal: -3.62647e-07 0.909264 0.41622
UV: 0.15625 0.21582

Position: 1.70056 0.237141 -0.498248
Normal: 0.20811 0.909264 0.360457
UV: 0.206055 0.21582

Position: 1.85345 0.237141 -0.651142
Normal: 0.360457 0.909264 0.208111
UV: 0.255371 0.21582

Position: 1.83718 -0.0413216 -1.05946
Normal: 0.387003 -0.894598 -0.223436
UV: 0.255371 0.28125

Position: 1.69116 -0.0413216 -1.20548
Normal: 0.223436 -0.894598 -0.387003
UV: 0.206055 0.28125

Position: 1.4917 -0.0413216 -1.25892
Normal: 2.61985e-07 -0.894598 -0.446872
UV: 0.15625 0.28125

Position: 1.29224 -0.0413216 -1.20548
Normal: -0.223436 -0.894598 -0.387003
UV: 0.106445 0.28125

Position: 1.14623 -0.0413216 -1.05946
Normal: -0.387003 -0.894598 -0.223436
UV: 0.0571289 0.28125

Position: 0.590253 0.636653 -0.545758
Normal: -0.954789 -0.102988 0.278876
UV: 0.172852 0.609375

Position: 0.647064 0.610162 -0.46728
Normal: -0.447946 0.198065 0.871845
UV: 0.19043 0.629883

Position: 0.647065 0.610162 -1.25272
Normal: -0.443521 0.193353 -0.875159
UV: 0.00585938 0.629395

Position: 0.590253 0.636653 -1.17424
Normal: -0.955365 -0.104267 -0.276418
UV: 0.0229492 0.609375

Position: 1.25061 0.659793 -1.21063
Normal: 0.442487 0.384453 -0.810186
UV: 0.0161133 0.841309

Position: 1.28265 0.703142 -1.10588
Normal: 0.692042 0.683363 -0.232578
UV: 0.0405273 0.838867

Position: 1.28265 0.703142 -0.614121
Normal: 0.692339 0.682896 0.233067
UV: 0.155762 0.838867

Position: 1.25061 0.659793 -0.50937
Normal: 0.445849 0.391681 0.804864
UV: 0.180664 0.841309

Position: 1.09552 0.401044 -1.23925
Normal: 0.111904 0.0574758 -0.992055
UV: 0.304688 0.832031

Position: 1.46401 0.229214 -1.19792
Normal: 0.447452 -0.211894 -0.868843
UV: 0.304688 0.956055

Position: 1.50416 0.339803 -1.17242
Normal: 0.664294 0.181139 -0.725191
UV: 0.269531 0.94873

Position: 1.25061 0.659793 -1.21063
Normal: 0.442487 0.384453 -0.810186
UV: 0.214355 0.841309

Position: 0.647065 0.610162 -1.25272
Normal: -0.443521 0.193353 -0.875159
UV: 0.304688 0.700684

Position: 0.944481 0.89806 -1.22309
Normal: 0.0570528 0.607005 -0.792647
UV: 0.188477 0.739746

Position: 1.25061 0.659793 -0.50937
Normal: 0.445849 0.391681 0.804864
UV: 0.214355 0.841309

Position: 1.50416 0.339803 -0.547583
Normal: 0.69717 0.170743 0.696277
UV: 0.269531 0.94873

Position: 1.46401 0.229214 -0.522085
Normal: 0.476972 -0.243203 0.8446
UV: 0.304688 0.956055

Position: 1.09552 0.401043 -0.480753
Normal: 0.0960735 0.0442203 0.994392
UV: 0.304688 0.832031

Position: 0.944481 0.89806 -0.496914
Normal: 0.053385 0.611483 0.789455
UV: 0.188477 0.739746

Position: 0.647064 0.610162 -0.46728
Normal: -0.447946 0.198065 0.871845
UV: 0.304688 0.700684

Position: 1.5203 0.202967 -1.11108
Normal: 0.476128 -0.840879 -0.257344
UV: 0.0380859 0.993164

Position: 1.5203 0.202967 -0.608921
Normal: 0.480683 -0.832665 0.274977
UV: 0.160156 0.993652

Position: 1.46401 0.229214 -0.522085
Normal: 0.476972 -0.243203 0.8446
UV: 0.177734 0.981934

Position: 1.46401 0.229214 -1.19792
Normal: 0.447452 -0.211894 -0.868843
UV: 0.0185547 0.980469

Position: -1.38171 -0.0413216 -1.05946
Normal: 0.387002 -0.894598 -0.223437
UV: 0.0571289 0.28125

Position: -1.32827 -0.0413216 -0.86
Normal: 0.446872 -0.894598 -1.49706e-07
UV: 0.00732422 0.28125

Position: -1.21248 0.0165166 -0.860001
Normal: 0.871483 -0.490426 -9.93694e-07
UV: 0.00732422 0.269531

Position: -1.28144 0.0165166 -1.11735
Normal: 0.754726 -0.490425 -0.435743
UV: 0.0571289 0.269531

Position: -1.52773 -0.0413217 -1.20548
Normal: 0.223435 -0.894598 -0.387003
UV: 0.106445 0.28125

Position: -1.46983 0.0165165 -1.30575
Normal: 0.43574 -0.490426 -0.754727
UV: 0.106445 0.269531

Position: -1.72719 -0.0413217 -1.25892
Normal: -8.35855e-07 -0.894598 -0.446872
UV: 0.15625 0.28125

Position: -1.72719 0.0165165 -1.37471
Normal: -1.3844e-06 -0.490426 -0.871483
UV: 0.15625 0.269531

Position: -1.92665 -0.0413216 -1.20547
Normal: -0.223437 -0.894598 -0.387002
UV: 0.206055 0.28125

Position: -1.98454 0.0165166 -1.30575
Normal: -0.435743 -0.490426 -0.754726
UV: 0.206055 0.269531

Position: -2.07266 -0.0413216 -1.05946
Normal: -0.387003 -0.894598 -0.223435
UV: 0.255371 0.28125

Position: -2.17294 0.0165166 -1.11735
Normal: -0.754727 -0.490426 -0.43574
UV: 0.255371 0.269531

Position: -2.12611 -0.0413215 -0.859999
Normal: -0.446873 -0.894598 8.69123e-07
UV: 0.305176 0.28125

Position: -2.24189 0.0165167 -0.859999
Normal: -0.871483 -0.490425 1.57053e-06
UV: 0.305176 0.269531

Position: -2.17294 0.0165168 -0.602645
Normal: -0.754726 -0.490425 0.435743
UV: 0.255371 0.269531

Position: -2.24189 0.146942 -0.859999
Normal: -0.926173 0.3771 1.41297e-06
UV: 0.305176 0.238281

Position: -2.17294 0.146942 -0.602645
Normal: -0.802088 0.3771 0.463088
UV: 0.255371 0.238281

Position: -1.98454 0.0165168 -0.414249
Normal: -0.43574 -0.490425 0.754728
UV: 0.206055 0.269531

Position: -1.98454 0.146942 -0.414249
Normal: -0.463084 0.3771 0.80209
UV: 0.206055 0.238281

Position: -1.72719 0.0165168 -0.345292
Normal: 1.6559e-06 -0.490425 0.871483
UV: 0.15625 0.269531

Position: -1.72719 0.146942 -0.345292
Normal: 1.83403e-06 0.3771 0.926172
UV: 0.15625 0.238281

Position: -1.46983 0.0165168 -0.41425
Normal: 0.435743 -0.490425 0.754726
UV: 0.106445 0.269531

Position: -1.46983 0.146942 -0.41425
Normal: 0.463088 0.3771 0.802088
UV: 0.106445 0.238281

Position: -1.28144 0.0165167 -0.602647
Normal: 0.754727 -0.490425 0.43574
UV: 0.0571289 0.269531

Position: -1.28144 0.146942 -0.602647
Normal: 0.80209 0.3771 0.463085
UV: 0.0571289 0.238281

Position: -1.21248 0.146942 -0.860001
Normal: 0.926173 0.3771 -1.39036e-06
UV: 0.00732422 0.238281

Position: -1.28144 0.146942 -1.11735
Normal: 0.802088 0.3771 -0.463088
UV: 0.0571289 0.238281

Position: -1.46983 0.146942 -1.30575
Normal: 0.463085 0.3771 -0.80209
UV: 0.106445 0.238281

Position: -1.72719 0.146942 -1.37471
Normal: -1.20102e-06 0.3771 -0.926173
UV: 0.15625 0.238281

Position: -1.98454 0.146942 -1.30575
Normal: -0.463087 0.3771 -0.802089
UV: 0.206055 0.238281

Position: -2.17294 0.146942 -1.11735
Normal: -0.80209 0.3771 -0.463085
UV: 0.255371 0.238281

Position: -1.72719 0.0545391 -0.632271
Normal: 1.14851e-08 -0.957809 0.287405
UV: 0.0708008 0.116211

Position: -1.59079 0.111037 -0.632271
Normal: 0.677274 -0.677273 0.287405
UV: 0.043457 0.116211

Position: -1.59079 0.111036 -1.08773
Normal: 0.677273 -0.677274 -0.287406
UV: 0.043457 0.210938

Position: -1.72719 0.054539 -1.08773
Normal: -4.13465e-07 -0.957809 -0.287405
UV: 0.0708008 0.210938

Position: -1.86358 0.111037 -0.632271
Normal: -0.677273 -0.677273 0.287407
UV: 0.0981445 0.116211

Position: -1.86358 0.111036 -1.08773
Normal: -0.677274 -0.677274 -0.287404
UV: 0.0981445 0.210938

Position: -1.92008 0.247434 -0.632271
Normal: -0.957808 4.59406e-08 0.287407
UV: 0.125977 0.116211

Position: -1.92008 0.247433 -1.08773
Normal: -0.95781 4.0198e-08 -0.287404
UV: 0.125977 0.210938

Position: -1.86358 0.38383 -0.632271
Normal: -0.677273 0.677274 0.287406
UV: 0.15332 0.116211

Position: -1.86358 0.38383 -1.08773
Normal: -0.677274 0.677273 -0.287404
UV: 0.15332 0.210938

Position: -1.72719 0.440328 -0.632271
Normal: 2.52673e-07 0.957809 0.287405
UV: 0.181152 0.116211

Position: -1.72719 0.440328 -1.08773
Normal: -2.92871e-07 0.957809 -0.287406
UV: 0.181152 0.210938

Position: -1.59079 0.38383 -0.632271
Normal: 0.677274 0.677274 0.287404
UV: 0.208984 0.116211

Position: -1.59079 0.38383 -1.08773
Normal: 0.677273 0.677273 -0.287407
UV: 0.208984 0.210938

Position: -1.53429 0.247433 -0.632272
Normal: 0.957809 2.87129e-07 0.287404
UV: 0.236328 0.116211

Position: -1.53429 0.247433 -1.08773
Normal: 0.957808 -3.30198e-07 -0.287407
UV: 0.236328 0.210938

Position: -2.1449 0.237141 -0.859999
Normal: -0.416221 0.909264 3.15345e-07
UV: 0.0751953 0.467285

Position: -2.08894 0.237141 -1.06886
Normal: -0.360458 0.909264 -0.20811
UV: 0.0429688 0.475586

Position: -2.08894 0.237141 -0.651142
Normal: -0.360457 0.909264 0.208111
UV: 0.107422 0.475586

Position: -1.93604 0.237141 -0.498248
Normal: -0.208109 0.909264 0.360458
UV: 0.130859 0.499023

Position: -1.93604 0.237141 -1.22175
Normal: -0.20811 0.909264 -0.360457
UV: 0.0195313 0.499023

Position: -1.72719 0.237141 -0.442285
Normal: 7.52886e-07 0.909264 0.41622
UV: 0.13916 0.53125

Position: -1.72719 0.237141 -1.27771
Normal: -3.99437e-07 0.909264 -0.41622
UV: 0.0107422 0.53125

Position: -1.51833 0.237141 -0.498249
Normal: 0.208111 0.909264 0.360457
UV: 0.130859 0.563477

Position: -1.51833 0.237141 -1.22175
Normal: 0.208109 0.909264 -0.360458
UV: 0.0195313 0.563477

Position: -1.36543 0.237141 -0.651143
Normal: 0.360458 0.909264 0.208109
UV: 0.107422 0.586914

Position: -1.36544 0.237141 -1.06886
Normal: 0.360457 0.909264 -0.208111
UV: 0.0429688 0.586914

Position: -1.30947 0.237141 -0.86
Normal: 0.41622 0.909264 -9.72313e-07
UV: 0.0751953 0.595703

Position: -2.1449 0.237141 -0.859999
Normal: -0.416221 0.909264 3.15345e-07
UV: 0.305176 0.21582

Position: -2.08894 0.237141 -0.651142
Normal: -0.360457 0.909264 0.208111
UV: 0.255371 0.21582

Position: -1.93604 0.237141 -0.498248
Normal: -0.208109 0.909264 0.360458
UV: 0.206055 0.21582

Position: -1.72719 0.237141 -0.442285
Normal: 7.52886e-07 0.909264 0.41622
UV: 0.15625 0.21582

Position: -1.51833 0.237141 -0.498249
Normal: 0.208111 0.909264 0.360457
UV: 0.106445 0.21582

Position: -1.36543 0.237141 -0.651143
Normal: 0.360458 0.909264 0.208109
UV: 0.0571289 0.21582

Position: -1.30947 0.237141 -0.86
Normal: 0.41622 0.909264 -9.72313e-07
UV: 0.00732422 0.21582

Position: -1.36544 0.237141 -1.06886
Normal: 0.360457 0.909264 -0.208111
UV: 0.0571289 0.21582

Position: -1.51833 0.237141 -1.22175
Normal: 0.208109 0.909264 -0.360458
UV: 0.106445 0.21582

Position: -1.72719 0.237141 -1.27771
Normal: -3.99437e-07 0.909264 -0.41622
UV: 0.15625 0.21582

Position: -1.93604 0.237141 -1.22175
Normal: -0.20811 0.909264 -0.360457
UV: 0.206055 0.21582

Position: -2.08894 0.237141 -1.06886
Normal: -0.360458 0.909264 -0.20811
UV: 0.255371 0.21582

Position: -2.07266 -0.0413215 -0.660539
Normal: -0.387003 -0.894597 0.223437
UV: 0.255371 0.28125

Position: -1.92665 -0.0413214 -0.514524
Normal: -0.223436 -0.894597 0.387004
UV: 0.206055 0.28125

Position: -1.72719 -0.0413214 -0.461079
Normal: 6.73675e-07 -0.894598 0.446873
UV: 0.15625 0.28125

Position: -1.52773 -0.0413215 -0.514524
Normal: 0.223437 -0.894598 0.387003
UV: 0.106445 0.28125

Position: -1.38171 -0.0413215 -0.66054
Normal: 0.387003 -0.894598 0.223436
UV: 0.0571289 0.28125

Position: -1.51814 0.703142 0.614121
Normal: -0.692339 0.682896 -0.233067
UV: 0.155762 0.838867

Position: -1.51814 0.703143 1.10588
Normal: -0.692042 0.683363 0.232578
UV: 0.0405273 0.838867

Position: -0.825739 0.636653 0.545758
Normal: 0.954789 -0.102986 -0.278876
UV: 0.172852 0.609375

Position: -0.825739 0.636653 1.17424
Normal: 0.955365 -0.104266 0.276417
UV: 0.0229492 0.609375

Position: -1.33101 0.401043 0.480753
Normal: -0.0960738 0.0442199 -0.994392
UV: 0.304688 0.832031

Position: -0.88255 0.610161 0.46728
Normal: 0.447946 0.198064 -0.871846
UV: 0.304688 0.700684

Position: -1.17997 0.89806 0.496914
Normal: -0.0533855 0.611483 -0.789455
UV: 0.188477 0.739746

Position: -1.4861 0.659793 0.50937
Normal: -0.445849 0.39168 -0.804863
UV: 0.214355 0.841309

Position: -1.69949 0.229214 0.522085
Normal: -0.476973 -0.243203 -0.8446
UV: 0.304688 0.956055

Position: -1.73964 0.339803 0.547583
Normal: -0.69717 0.170743 -0.696276
UV: 0.269531 0.94873

Position: -1.4861 0.659793 1.21063
Normal: -0.442487 0.384453 0.810185
UV: 0.214355 0.841309

Position: -1.17997 0.89806 1.22309
Normal: -0.0570522 0.607006 0.792647
UV: 0.188477 0.739746

Position: -0.88255 0.610162 1.25272
Normal: 0.443522 0.193353 0.875159
UV: 0.304688 0.700684

Position: -1.331 0.401044 1.23925
Normal: -0.111904 0.0574756 0.992056
UV: 0.304688 0.832031

Position: -1.73964 0.339803 1.17242
Normal: -0.664293 0.181139 0.725192
UV: 0.269531 0.94873

Position: -1.69949 0.229214 1.19792
Normal: -0.447451 -0.211895 0.868843
UV: 0.304688 0.956055

Position: -1.75578 0.202967 1.11108
Normal: -0.476128 -0.840878 0.257344
UV: 0.0380859 0.993164

Position: -1.75578 0.202967 0.608921
Normal: -0.480681 -0.832667 -0.274976
UV: 0.160156 0.993652

Position: -1.4861 0.659793 0.50937
Normal: -0.445849 0.39168 -0.804863
UV: 0.180664 0.841309

Position: -1.4861 0.659793 1.21063
Normal: -0.442487 0.384453 0.810185
UV: 0.0161133 0.841309

Position: -0.88255 0.610162 1.25272
Normal: 0.443522 0.193353 0.875159
UV: 0.00585938 0.629395

Position: -0.88255 0.610161 0.46728
Normal: 0.447946 0.198064 -0.871846
UV: 0.19043 0.629883

Position: -1.69949 0.229214 0.522085
Normal: -0.476973 -0.243203 -0.8446
UV: 0.177734 0.981934

Position: -1.69949 0.229214 1.19792
Normal: -0.447451 -0.211895 0.868843
UV: 0.0185547 0.980469

Position: -1.28144 0.0165166 0.602646
Normal: 0.754726 -0.490425 -0.435743
UV: 0.0571289 0.269531

Position: -1.21248 0.0165167 0.859999
Normal: 0.871483 -0.490425 -1.26135e-06
UV: 0.00732422 0.269531

Position: -1.21248 0.146942 0.859999
Normal: 0.926173 0.3771 -1.4822e-06
UV: 0.00732422 0.238281

Position: -1.28144 0.146942 0.602646
Normal: 0.802089 0.3771 -0.463087
UV: 0.0571289 0.238281

Position: -1.46983 0.0165166 0.41425
Normal: 0.435741 -0.490426 -0.754727
UV: 0.106445 0.269531

Position: -1.46983 0.146942 0.41425
Normal: 0.463085 0.3771 -0.80209
UV: 0.106445 0.238281

Position: -1.72719 0.0165165 0.345292
Normal: -1.17828e-06 -0.490425 -0.871483
UV: 0.15625 0.269531

Position: -1.72719 0.146942 0.345292
Normal: -1.19961e-06 0.3771 -0.926173
UV: 0.15625 0.238281

Position: -1.98454 0.0165166 0.414251
Normal: -0.435742 -0.490426 -0.754726
UV: 0.206055 0.269531

Position: -1.98454 0.146942 0.414251
Normal: -0.463087 0.3771 -0.802089
UV: 0.206055 0.238281

Position: -2.17294 0.0165166 0.602647
Normal: -0.754727 -0.490426 -0.435741
UV: 0.255371 0.269531

Position: -2.17294 0.146942 0.602647
Normal: -0.802089 0.3771 -0.463085
UV: 0.255371 0.238281

Position: -2.24189 0.0165167 0.860001
Normal: -0.871483 -0.490426 1.51669e-06
UV: 0.305176 0.269531

Position: -2.24189 0.146942 0.860001
Normal: -0.926173 0.377099 1.26602e-06
UV: 0.305176 0.238281

Position: -1.28144 0.146942 1.11735
Normal: 0.80209 0.3771 0.463085
UV: 0.0571289 0.238281

Position: -1.28144 0.0165167 1.11735
Normal: 0.754727 -0.490425 0.435741
UV: 0.0571289 0.269531

Position: -1.46983 0.146942 1.30575
Normal: 0.463088 0.3771 0.802088
UV: 0.106445 0.238281

Position: -1.46983 0.0165168 1.30575
Normal: 0.435743 -0.490425 0.754726
UV: 0.106445 0.269531

Position: -1.72719 0.146942 1.37471
Normal: 1.67295e-06 0.3771 0.926172
UV: 0.15625 0.238281

Position: -1.72719 0.0165168 1.37471
Normal: 1.62437e-06 -0.490425 0.871483
UV: 0.15625 0.269531

Position: -1.98454 0.146942 1.30575
Normal: -0.463085 0.3771 0.80209
UV: 0.206055 0.238281

Position: -1.98454 0.0165168 1.30575
Normal: -0.43574 -0.490425 0.754727
UV: 0.206055 0.269531

Position: -2.17294 0.146942 1.11735
Normal: -0.802088 0.3771 0.463088
UV: 0.255371 0.238281

Position: -2.17294 0.0165167 1.11735
Normal: -0.754726 -0.490425 0.435743
UV: 0.255371 0.269531

Position: -2.12611 -0.0413216 0.860001
Normal: -0.446872 -0.894598 9.68927e-07
UV: 0.305176 0.28125

Position: -2.07266 -0.0413216 0.66054
Normal: -0.387002 -0.894598 -0.223435
UV: 0.255371 0.28125

Position: -1.92665 -0.0413217 0.514525
Normal: -0.223437 -0.894598 -0.387002
UV: 0.206055 0.28125

Position: -1.72719 -0.0413217 0.461079
Normal: -8.27538e-07 -0.894598 -0.446872
UV: 0.15625 0.28125

Position: -1.52773 -0.0413217 0.514524
Normal: 0.223436 -0.894598 -0.387003
UV: 0.106445 0.28125

Position: -1.38171 -0.0413216 0.660539
Normal: 0.387003 -0.894598 -0.223437
UV: 0.0571289 0.28125

Position: -1.32827 -0.0413216 0.86
Normal: 0.446872 -0.894598 -2.64064e-07
UV: 0.00732422 0.28125

Position: -1.38171 -0.0413215 1.05946
Normal: 0.387003 -0.894598 0.223436
UV: 0.0571289 0.28125

Position: -1.52772 -0.0413215 1.20548
Normal: 0.223437 -0.894598 0.387003
UV: 0.106445 0.28125

Position: -1.72719 -0.0413214 1.25892
Normal: 8.86797e-07 -0.894598 0.446873
UV: 0.15625 0.28125

Position: -1.92665 -0.0413215 1.20548
Normal: -0.223435 -0.894598 0.387003
UV: 0.206055 0.28125

Position: -2.07266 -0.0413215 1.05946
Normal: -0.387002 -0.894598 0.223437
UV: 0.255371 0.28125

Position: -2.08894 0.237141 0.651143
Normal: -0.360457 0.909264 -0.20811
UV: 0.255371 0.21582

Position: -2.1449 0.237141 0.860001
Normal: -0.416221 0.909263 1.02121e-07
UV: 0.305176 0.21582

Position: -1.93604 0.237141 0.498249
Normal: -0.208111 0.909264 -0.360457
UV: 0.206055 0.21582

Position: -1.72719 0.237141 0.442286
Normal: -5.62387e-07 0.909264 -0.41622
UV: 0.15625 0.21582

Position: -1.51833 0.237141 0.498249
Normal: 0.208109 0.909264 -0.360458
UV: 0.106445 0.21582

Position: -1.36543 0.237141 0.651142
Normal: 0.360457 0.909264 -0.208111
UV: 0.0571289 0.21582

Position: -1.30947 0.237141 0.86
Normal: 0.416221 0.909264 -7.83473e-07
UV: 0.00732422 0.21582

Position: -1.36543 0.237141 1.06886
Normal: 0.360458 0.909264 0.208109
UV: 0.0571289 0.21582

Position: -1.51833 0.237141 1.22175
Normal: 0.208111 0.909264 0.360456
UV: 0.106445 0.21582

Position: -1.72719 0.237141 1.27771
Normal: 7.09504e-07 0.909264 0.41622
UV: 0.15625 0.21582

Position: -1.93604 0.237141 1.22175
Normal: -0.208109 0.909264 0.360457
UV: 0.206055 0.21582

Position: -2.08894 0.237141 1.06886
Normal: -0.360456 0.909264 0.208111
UV: 0.255371 0.21582

Position: -1.30947 0.237141 0.86
Normal: 0.416221 0.909264 -7.83473e-07
UV: 0.0751953 0.595703

Position: -1.36543 0.237141 1.06886
Normal: 0.360458 0.909264 0.208109
UV: 0.107422 0.586914

Position: -1.36543 0.237141 0.651142
Normal: 0.360457 0.909264 -0.208111
UV: 0.0429688 0.586914

Position: -1.51833 0.237141 0.498249
Normal: 0.208109 0.909264 -0.360458
UV: 0.0195313 0.563477

Position: -1.51833 0.237141 1.22175
Normal: 0.208111 0.909264 0.360456
UV: 0.130859 0.563477

Position: -1.72719 0.237141 0.442286
Normal: -5.62387e-07 0.909264 -0.41622
UV: 0.0107422 0.53125

Position: -1.72719 0.237141 1.27771
Normal: 7.09504e-07 0.909264 0.41622
UV: 0.13916 0.53125

Position: -1.93604 0.237141 0.498249
Normal: -0.208111 0.909264 -0.360457
UV: 0.0195313 0.499023

Position: -1.93604 0.237141 1.22175
Normal: -0.208109 0.909264 0.360457
UV: 0.130859 0.499023

Position: -2.08894 0.237141 0.651143
Normal: -0.360457 0.909264 -0.20811
UV: 0.0429688 0.475586

Position: -2.08894 0.237141 1.06886
Normal: -0.360456 0.909264 0.208111
UV: 0.107422 0.475586

Position: -2.1449 0.237141 0.860001
Normal: -0.416221 0.909263 1.02121e-07
UV: 0.0751953 0.467285

Position: -1.59079 0.38383 0.632271
Normal: 0.677273 0.677273 -0.287406
UV: 0.208984 0.210938

Position: -1.53429 0.247433 0.632271
Normal: 0.957809 -2.06733e-07 -0.287407
UV: 0.236328 0.210938

Position: -1.53429 0.247433 1.08773
Normal: 0.957809 -5.74257e-08 0.287404
UV: 0.236328 0.116211

Position: -1.59079 0.38383 1.08773
Normal: 0.677274 0.677273 0.287404
UV: 0.208984 0.116211

Position: -1.72719 0.440328 0.632271
Normal: -1.60792e-07 0.957809 -0.287406
UV: 0.181152 0.210938

Position: -1.72719 0.440328 1.08773
Normal: 4.53663e-07 0.957809 0.287405
UV: 0.181152 0.116211

Position: -1.86358 0.38383 0.632272
Normal: -0.677274 0.677273 -0.287405
UV: 0.15332 0.210938

Position: -1.86358 0.38383 1.08773
Normal: -0.677273 0.677273 0.287406
UV: 0.15332 0.116211

Position: -1.92008 0.247433 0.632272
Normal: -0.957809 -3.44554e-08 -0.287405
UV: 0.125977 0.210938

Position: -1.92008 0.247434 1.08773
Normal: -0.957809 2.29703e-07 0.287406
UV: 0.125977 0.116211

Position: -1.86358 0.111036 0.632272
Normal: -0.677274 -0.677273 -0.287404
UV: 0.0981445 0.210938

Position: -1.86358 0.111037 1.08773
Normal: -0.677273 -0.677273 0.287406
UV: 0.0981445 0.116211

Position: -1.72719 0.054539 0.632272
Normal: -2.52673e-07 -0.957809 -0.287405
UV: 0.0708008 0.210938

Position: -1.72719 0.0545391 1.08773
Normal: 5.11089e-07 -0.957809 0.287406
UV: 0.0708008 0.116211

Position: -1.59079 0.111036 0.632271
Normal: 0.677273 -0.677273 -0.287406
UV: 0.043457 0.210938

Position: -1.59079 0.111037 1.08773
Normal: 0.677274 -0.677273 0.287405
UV: 0.043457 0.116211

Position: -1.51814 0.703142 -1.10588
Normal: -0.692339 0.682896 -0.233067
UV: 0.155762 0.838867

Position: -1.51814 0.703143 -0.61412
Normal: -0.692042 0.683363 0.232578
UV: 0.0405273 0.838867

Position: -0.825739 0.636653 -1.17424
Normal: 0.954789 -0.102986 -0.278876
UV: 0.172852 0.609375

Position: -0.825739 0.636653 -0.545758
Normal: 0.955365 -0.104266 0.276417
UV: 0.0229492 0.609375

Position: -1.33101 0.401043 -1.23925
Normal: -0.096074 0.0442202 -0.994391
UV: 0.304688 0.832031

Position: -0.88255 0.610161 -1.25272
Normal: 0.447946 0.198065 -0.871846
UV: 0.304688 0.700684

Position: -1.17997 0.89806 -1.22309
Normal: -0.0533854 0.611483 -0.789455
UV: 0.188477 0.739746

Position: -1.4861 0.659793 -1.21063
Normal: -0.445849 0.39168 -0.804863
UV: 0.214355 0.841309

Position: -1.69949 0.229214 -1.19791
Normal: -0.476973 -0.243203 -0.8446
UV: 0.304688 0.956055

Position: -1.73964 0.339803 -1.17242
Normal: -0.69717 0.170743 -0.696276
UV: 0.269531 0.94873

Position: -1.4861 0.659793 -0.509369
Normal: -0.442487 0.384453 0.810185
UV: 0.214355 0.841309

Position: -1.17997 0.89806 -0.496913
Normal: -0.0570526 0.607005 0.792647
UV: 0.188477 0.739746

Position: -0.88255 0.610162 -0.46728
Normal: 0.443522 0.193353 0.875159
UV: 0.304688 0.700684

Position: -1.33101 0.401044 -0.480753
Normal: -0.111904 0.0574758 0.992055
UV: 0.304688 0.832031

Position: -1.73964 0.339803 -0.547582
Normal: -0.664293 0.181139 0.725192
UV: 0.269531 0.94873

Position: -1.69949 0.229214 -0.522084
Normal: -0.44745 -0.211895 0.868843
UV: 0.304688 0.956055

Position: -1.75578 0.202967 -0.60892
Normal: -0.476129 -0.840878 0.257344
UV: 0.0380859 0.993164

Position: -1.75578 0.202967 -1.11108
Normal: -0.480681 -0.832666 -0.274976
UV: 0.160156 0.993652

Position: -1.4861 0.659793 -1.21063
Normal: -0.445849 0.39168 -0.804863
UV: 0.180664 0.841309

Position: -1.4861 0.659793 -0.509369
Normal: -0.442487 0.384453 0.810185
UV: 0.0161133 0.841309

Position: -0.88255 0.610162 -0.46728
Normal: 0.443522 0.193353 0.875159
UV: 0.00585938 0.629395

Position: -0.88255 0.610161 -1.25272
Normal: 0.447946 0.198065 -0.871846
UV: 0.19043 0.629883

Position: -1.69949 0.229214 -1.19791
Normal: -0.476973 -0.243203 -0.8446
UV: 0.177734 0.981934

Position: -1.69949 0.229214 -0.522084
Normal: -0.44745 -0.211895 0.868843
UV: 0.0185547 0.980469

Position: 1.93745 0.146942 1.11735
Normal: 0.802089 0.3771 0.463087
UV: 0.255371 0.238281

Position: 2.00641 0.146942 0.860001
Normal: 0.926173 0.3771 4.60627e-07
UV: 0.305176 0.238281

Position: 2.00641 0.0165166 0.860001
Normal: 0.871483 -0.490425 4.55315e-07
UV: 0.305176 0.269531

Position: 1.93745 0.0165166 1.11735
Normal: 0.754726 -0.490425 0.435742
UV: 0.255371 0.269531

Position: 1.74905 0.146942 1.30575
Normal: 0.463086 0.3771 0.802089
UV: 0.206055 0.238281

Position: 1.74905 0.0165166 1.30575
Normal: 0.435741 -0.490425 0.754727
UV: 0.206055 0.269531

Position: 1.4917 0.146942 1.37471
Normal: -8.46368e-07 0.3771 0.926173
UV: 0.15625 0.238281

Position: 1.4917 0.0165166 1.37471
Normal: -6.67591e-07 -0.490425 0.871483
UV: 0.15625 0.269531

Position: 1.23435 0.146942 1.30575
Normal: -0.463087 0.3771 0.802088
UV: 0.106445 0.238281

Position: 1.23435 0.0165166 1.30575
Normal: -0.435742 -0.490425 0.754726
UV: 0.106445 0.269531

Position: 1.04595 0.146942 1.11735
Normal: -0.802089 0.3771 0.463086
UV: 0.0571289 0.238281

Position: 1.04595 0.0165166 1.11735
Normal: -0.754727 -0.490425 0.435741
UV: 0.0571289 0.269531

Position: 0.976993 0.146942 0.86
Normal: -0.926172 0.3771 -4.29542e-07
UV: 0.00732422 0.238281

Position: 0.976993 0.0165166 0.86
Normal: -0.871483 -0.490426 -4.46086e-07
UV: 0.00732422 0.269531

Position: 1.04595 0.146942 0.602646
Normal: -0.802089 0.3771 -0.463087
UV: 0.0571289 0.238281

Position: 1.04595 0.0165166 0.602646
Normal: -0.754726 -0.490425 -0.435742
UV: 0.0571289 0.269531

Position: 1.23435 0.146942 0.41425
Normal: -0.463086 0.3771 -0.802089
UV: 0.106445 0.238281

Position: 1.23435 0.0165166 0.41425
Normal: -0.435741 -0.490425 -0.754727
UV: 0.106445 0.269531

Position: 1.4917 0.146942 0.345292
Normal: 4.83235e-07 0.3771 -0.926173
UV: 0.15625 0.238281

Position: 1.4917 0.0165166 0.345292
Normal: 4.06092e-07 -0.490425 -0.871483
UV: 0.15625 0.269531

Position: 1.74905 0.146942 0.41425
Normal: 0.463087 0.3771 -0.802089
UV: 0.206055 0.238281

Position: 1.74905 0.0165166 0.41425
Normal: 0.435742 -0.490425 -0.754726
UV: 0.206055 0.269531

Position: 1.93745 0.146942 0.602646
Normal: 0.802089 0.3771 -0.463086
UV: 0.255371 0.238281

Position: 1.93745 0.0165166 0.602646
Normal: 0.754727 -0.490425 -0.435741
UV: 0.255371 0.269531

Position: 1.89062 -0.0413216 0.86
Normal: 0.446872 -0.894598 3.86739e-07
UV: 0.305176 0.28125

Position: 1.83718 -0.0413216 1.05946
Normal: 0.387002 -0.894598 0.223436
UV: 0.255371 0.28125

Position: 1.69116 -0.0413216 1.20548
Normal: 0.223436 -0.894598 0.387003
UV: 0.206055 0.28125

Position: 1.4917 -0.0413216 1.25892
Normal: -9.35659e-08 -0.894598 0.446873
UV: 0.15625 0.28125

Position: 1.29224 -0.0413216 1.20548
Normal: -0.223437 -0.894598 0.387003
UV: 0.106445 0.28125

Position: 1.14622 -0.0413216 1.05946
Normal: -0.387003 -0.894598 0.223436
UV: 0.0571289 0.28125

Position: 1.09278 -0.0413216 0.86
Normal: -0.446872 -0.894598 -3.80501e-07
UV: 0.00732422 0.28125

Position: 1.14623 -0.0413216 0.66054
Normal: -0.387003 -0.894598 -0.223436
UV: 0.0571289 0.28125

Position: 1.29224 -0.0413216 0.514524
Normal: -0.223436 -0.894598 -0.387003
UV: 0.106445 0.28125

Position: 1.4917 -0.0413216 0.461079
Normal: 2.31836e-07 -0.894598 -0.446872
UV: 0.15625 0.28125

Position: 1.69116 -0.0413216 0.514525
Normal: 0.223437 -0.894598 -0.387003
UV: 0.206055 0.28125

Position: 1.83718 -0.0413216 0.66054
Normal: 0.387003 -0.894597 -0.223436
UV: 0.255371 0.28125

Position: 1.85345 0.237141 1.06886
Normal: 0.360457 0.909264 0.208111
UV: 0.255371 0.21582

Position: 1.90942 0.237141 0.86
Normal: 0.416221 0.909264 1.57672e-07
UV: 0.305176 0.21582

Position: 1.70056 0.237141 1.22175
Normal: 0.20811 0.909264 0.360457
UV: 0.206055 0.21582

Position: 1.4917 0.237141 1.27771
Normal: -4.15204e-07 0.909264 0.41622
UV: 0.15625 0.21582

Position: 1.28284 0.237141 1.22175
Normal: -0.20811 0.909264 0.360457
UV: 0.106445 0.21582

Position: 1.12995 0.237141 1.06886
Normal: -0.360458 0.909264 0.20811
UV: 0.0571289 0.21582

Position: 1.07399 0.237141 0.86
Normal: -0.41622 0.909264 -1.89207e-07
UV: 0.00732422 0.21582

Position: 1.12995 0.237141 0.651143
Normal: -0.360457 0.909264 -0.20811
UV: 0.0571289 0.21582

Position: 1.28284 0.237141 0.498249
Normal: -0.20811 0.909264 -0.360457
UV: 0.106445 0.21582

Position: 1.4917 0.237141 0.442286
Normal: 2.94322e-07 0.909264 -0.41622
UV: 0.15625 0.21582

Position: 1.70056 0.237141 0.498249
Normal: 0.20811 0.909264 -0.360457
UV: 0.206055 0.21582

Position: 1.85345 0.237141 0.651143
Normal: 0.360458 0.909264 -0.20811
UV: 0.255371 0.21582

Position: 1.07399 0.237141 0.86
Normal: -0.41622 0.909264 -1.89207e-07
UV: 0.0751953 0.595703

Position: 1.12995 0.237141 0.651143
Normal: -0.360457 0.909264 -0.20811
UV: 0.107422 0.586914

Position: 1.12995 0.237141 1.06886
Normal: -0.360458 0.909264 0.20811
UV: 0.0429688 0.586914

Position: 1.28284 0.237141 1.22175
Normal: -0.20811 0.909264 0.360457
UV: 0.0195313 0.563477

Position: 1.28284 0.237141 0.498249
Normal: -0.20811 0.909264 -0.360457
UV: 0.130859 0.563477

Position: 1.4917 0.237141 1.27771
Normal: -4.15204e-07 0.909264 0.41622
UV: 0.0107422 0.53125

Position: 1.4917 0.237141 0.442286
Normal: 2.94322e-07 0.909264 -0.41622
UV: 0.13916 0.53125

Position: 1.70056 0.237141 1.22175
Normal: 0.20811 0.909264 0.360457
UV: 0.0195313 0.499023

Position: 1.70056 0.237141 0.498249
Normal: 0.20811 0.909264 -0.360457
UV: 0.130859 0.499023

Position: 1.85345 0.237141 1.06886
Normal: 0.360457 0.909264 0.208111
UV: 0.0429688 0.475586

Position: 1.85345 0.237141 0.651143
Normal: 0.360458 0.909264 -0.20811
UV: 0.107422 0.475586

Position: 1.90942 0.237141 0.86
Normal: 0.416221 0.909264 1.57672e-07
UV: 0.0751953 0.467285

Position: 1.3553 0.38383 1.08773
Normal: -0.677273 0.677273 0.287405
UV: 0.208984 0.210938

Position: 1.29881 0.247433 1.08773
Normal: -0.957809 -3.44554e-08 0.287405
UV: 0.236328 0.210938

Position: 1.29881 0.247433 0.632271
Normal: -0.957809 1.14851e-08 -0.287406
UV: 0.236328 0.116211

Position: 1.3553 0.38383 0.632271
Normal: -0.677273 0.677273 -0.287406
UV: 0.208984 0.116211

Position: 1.4917 0.440328 1.08773
Normal: -4.13465e-07 0.957809 0.287406
UV: 0.181152 0.210938

Position: 1.4917 0.440328 0.632272
Normal: 3.38812e-07 0.957809 -0.287406
UV: 0.181152 0.116211

Position: 1.6281 0.38383 1.08773
Normal: 0.677273 0.677274 0.287406
UV: 0.15332 0.210938

Position: 1.6281 0.38383 0.632272
Normal: 0.677273 0.677273 -0.287405
UV: 0.15332 0.116211

Position: 1.68459 0.247433 1.08773
Normal: 0.957809 -1.37822e-07 0.287405
UV: 0.125977 0.210938

Position: 1.6846 0.247433 0.632272
Normal: 0.957809 6.89109e-08 -0.287405
UV: 0.125977 0.116211

Position: 1.6281 0.111036 1.08773
Normal: 0.677273 -0.677273 0.287406
UV: 0.0981445 0.210938

Position: 1.6281 0.111036 0.632272
Normal: 0.677273 -0.677274 -0.287405
UV: 0.0981445 0.116211

Position: 1.4917 0.054539 1.08773
Normal: -2.98614e-07 -0.957809 0.287406
UV: 0.0708008 0.210938

Position: 1.4917 0.054539 0.632272
Normal: 3.56039e-07 -0.957809 -0.287405
UV: 0.0708008 0.116211

Position: 1.3553 0.111036 1.08773
Normal: -0.677273 -0.677273 0.287405
UV: 0.043457 0.210938

Position: 1.3553 0.111036 0.632271
Normal: -0.677273 -0.677273 -0.287406
UV: 0.043457 0.116211

Position: -1.47939 1.09808 0.742452
Normal: -0.619806 0.636919 0.458448
UV: 0.549805 0.935547

Position: -1.47939 1.09808 -1.12495e-07
Normal: -0.758689 0.651453 1.28739e-09
UV: 0.467285 0.935547

Position: -1.47939 1.09808 -0.742452
Normal: -0.619785 0.636939 -0.458449
UV: 0.384766 0.935547

Position: 1.3512 1.09808 -0.715429
Normal: 0.628719 0.633001 -0.451688
UV: 0.549805 0.935547

Position: 1.3512 1.09808 -1.50642e-07
Normal: 0.761742 0.647881 -9.5076e-10
UV: 0.467285 0.935547

Position: 1.3512 1.09808 0.715428
Normal: 0.628741 0.632981 0.451686
UV: 0.384766 0.935547

Position: -1.38181 1.166 0.694766
Normal: -0.285756 0.925761 0.24761
UV: 0.960449 0.319824

Position: -1.38181 1.166 -1.88789e-07
Normal: -0.299359 0.954141 2.56552e-11
UV: 0.876953 0.319824

Position: -1.14929 1.166 -1.12495e-07
Normal: 2.03635e-07 1 -1.20776e-12
UV: 0.876953 0.347656

Position: -1.14929 1.166 0.775426
Normal: -0.156183 0.961512 0.226055
UV: 0.970215 0.347656

Position: -0.933133 1.166 -2.26936e-07
Normal: -1.86317e-08 1 1.56411e-08
UV: 0.876953 0.373535

Position: -0.933133 1.166 0.993117
Normal: -0.114968 0.915499 0.385543
UV: 0.996582 0.373535

Position: 0.834023 1.166 0.993117
Normal: 0.128935 0.915038 0.382205
UV: 0.996582 0.587402

Position: 0.834023 1.166 -1.50642e-07
Normal: 1.86495e-08 1 -3.51017e-08
UV: 0.876953 0.587402

Position: 1.03894 1.166 0.750398
Normal: 0.163981 0.963336 0.212351
UV: 0.967285 0.612305

Position: 1.03894 1.166 -1.50642e-07
Normal: -2.21416e-07 1 -1.34573e-12
UV: 0.876953 0.612305

Position: 1.25471 1.166 0.669479
Normal: 0.291637 0.924924 0.243853
UV: 0.95752 0.638184

Position: 1.25471 1.166 -1.50642e-07
Normal: 0.301856 0.953354 1.32645e-10
UV: 0.876953 0.638184

Position: 1.25471 1.166 -0.669446
Normal: 0.291622 0.92495 -0.243769
UV: 0.95752 0.638184

Position: 1.03894 1.166 -0.750365
Normal: 0.163941 0.963352 -0.212313
UV: 0.967285 0.612305

Position: 0.834023 1.166 -0.993084
Normal: 0.128924 0.915084 -0.382099
UV: 0.996582 0.587402

Position: -0.933133 1.166 -0.993085
Normal: -0.114957 0.915545 -0.385438
UV: 0.996582 0.373535

Position: -1.14929 1.166 -0.775394
Normal: -0.156144 0.961529 -0.226011
UV: 0.970215 0.347656

Position: -1.38181 1.166 -0.694734
Normal: -0.285742 0.925787 -0.247526
UV: 0.960449 0.319824

Position: -1.3337 1.15479 0.765585
Normal: -0.849096 0.409761 0.333364
UV: 0.759766 0.896484

Position: -1.3337 1.15479 -1.50642e-07
Normal: -0.939615 0.342234 1.84502e-09
UV: 0.867676 0.896484

Position: 0.957327 1.15479 0.766024
Normal: 0.730818 0.62163 0.281924
UV: 0.741699 0.89502

Position: 0.88396 1.15479 0.84729
Normal: 0.420005 0.52529 0.740045
UV: 0.728516 0.89502

Position: -1.2659 1.15479 0.84729
Normal: -0.427858 0.395679 0.812635
UV: 0.335938 0.89502

Position: -1.3337 1.15479 0.765585
Normal: -0.849096 0.409761 0.333364
UV: 0.323242 0.89502

Position: 0.957327 1.15479 -1.50642e-07
Normal: 0.80468 0.593709 9.40022e-09
UV: 0.867676 0.319336

Position: 0.957327 1.15479 0.766024
Normal: 0.730818 0.62163 0.281924
UV: 0.759766 0.319336

Position: -1.3337 1.15479 -0.765585
Normal: -0.849096 0.409761 -0.333364
UV: 0.759766 0.896484

Position: -0.471667 0.349701 1.73225
Normal: -0.511444 0.129154 0.849555
UV: 0.473145 0.998047

Position: -0.602137 0.659243 0.881791
Normal: -0.989768 -0.0487994 0.13408
UV: 0.313965 0.998047

Position: -0.602137 0.939271 0.983709
Normal: -0.878668 0.345506 0.329496
UV: 0.313965 0.928223

Position: -0.471666 0.564289 1.69687
Normal: -0.597454 0.335125 0.728519
UV: 0.473145 0.928223

Position: 0.35396 0.564306 1.69688
Normal: 0.514211 0.31744 0.796755
UV: 0.733887 0.928223

Position: 0.35396 0.349701 1.73225
Normal: 0.451905 0.145058 0.880193
UV: 0.733887 0.998047

Position: 0.93172 0.659108 0.88219
Normal: 0.914581 -0.338007 0.222021
UV: 0.967773 0.998047

Position: 0.931716 0.9391 0.98412
Normal: 0.938152 -0.118424 0.325342
UV: 0.967773 0.928223

Position: -0.602137 0.939271 -0.983709
Normal: -0.878668 0.345506 -0.329496
UV: 0.313965 0.928223

Position: -0.602137 0.659243 -0.881791
Normal: -0.989768 -0.0487995 -0.13408
UV: 0.313965 0.998047

Position: -0.471667 0.349701 -1.73225
Normal: -0.511444 0.129154 -0.849555
UV: 0.473145 0.998047

Position: -0.471666 0.564289 -1.69687
Normal: -0.597454 0.335125 -0.728519
UV: 0.473145 0.928223

Position: 0.35396 0.564306 -1.69688
Normal: 0.514211 0.317441 -0.796755
UV: 0.733887 0.928223

Position: 0.35396 0.349701 -1.73225
Normal: 0.451905 0.145058 -0.880193
UV: 0.733887 0.998047

Position: 0.93172 0.659108 -0.88219
Normal: 0.914581 -0.338007 -0.222021
UV: 0.967773 0.998047

Position: 0.931716 0.9391 -0.98412
Normal: 0.836028 0.260979 -0.482646
UV: 0.967773 0.928223

Position: -0.950031 0.588907 -5.15677e-08
Normal: -0.996294 0.0860167 6.83702e-10
UV: 0.753906 0.577637

Position: 0.145811 0.588907 -5.15677e-08
Normal: 0.996294 0.0860167 6.55155e-10
UV: 0.753906 0.577637

Position: -0.857637 0.514287 1.34777
Normal: -0.405216 -0.556111 0.725631
UV: 0.449219 0.597656

Position: -0.834507 0.810711 1.59614
Normal: -0.417502 -0.206541 0.884892
UV: 0.452148 0.535156

Position: 0.0302872 0.810711 1.59614
Normal: 0.412275 -0.204507 0.88781
UV: 0.574707 0.535156

Position: 0.0534177 0.514287 1.34777
Normal: -1.90324e-07 -0.64223 0.766512
UV: 0.578125 0.597656

Position: -0.803539 1.47516 1.47052
Normal: -0.417292 0.512268 0.750632
UV: 0.456543 0.407715

Position: -0.000680351 1.47516 1.47052
Normal: 0.416233 0.514646 0.749593
UV: 0.570313 0.407715

Position: -0.776711 1.79098 0.976904
Normal: -0.370384 0.891948 0.259317
UV: 0.460449 0.325195

Position: -0.0275087 1.79098 0.976904
Normal: 0.371424 0.891208 0.260369
UV: 0.566406 0.325195

Position: -0.776711 1.79098 -5.15677e-08
Normal: -0.378508 0.925598 0
UV: 0.460449 0.217285

Position: -0.0275087 1.79098 -5.15677e-08
Normal: 0.378507 0.925598 1.14851e-10
UV: 0.566406 0.217285

Position: 0.449303 1.21865 -1.14527
Normal: 0.355153 -0.335382 -0.872574
UV: 0.780273 0.717285

Position: -0.130316 1.21865 -1.14789
Normal: 0.00404293 -0.379876 -0.925029
UV: 0.670898 0.717285

Position: -0.130316 1.03193 -0.814181
Normal: 0.00139485 -0.872076 -0.489368
UV: 0.671387 0.768555

Position: 0.4971 1.03193 -0.814181
Normal: 0.344583 -0.795532 -0.498388
UV: 0.780273 0.768555

Position: 0.453604 1.5268 -1.05678
Normal: 0.34393 0.650576 -0.677099
UV: 0.780273 0.646484

Position: -0.130316 1.5268 -1.05922
Normal: 0.00253141 0.721031 -0.692899
UV: 0.670898 0.646484

Position: 0.4971 1.62212 -0.666131
Normal: 0.257183 0.933372 -0.250347
UV: 0.780273 0.590332

Position: -0.130316 1.62212 -0.666131
Normal: -1.62259e-07 0.971832 -0.235677
UV: 0.671387 0.589844

Position: -1.2309 1.09808 0.828651
Normal: -0.403487 0.632446 0.661219
UV: 0.574219 0.935547

Position: -1.2309 1.09808 -0.828651
Normal: -0.403468 0.63252 -0.661159
UV: 0.359863 0.935547

Position: -0.999905 1.09808 1.06129
Normal: -0.301167 0.592188 0.747403
UV: 0.62207 0.935547

Position: -0.999905 1.09808 -1.06129
Normal: -0.301142 0.592237 -0.747375
UV: 0.312012 0.935547

Position: 1.12062 1.09808 -0.801903
Normal: 0.434494 0.637488 -0.636258
UV: 0.574219 0.935547

Position: 1.12062 1.09808 0.801903
Normal: 0.434514 0.637416 0.636317
UV: 0.359863 0.935547

Position: 0.901636 1.09808 -1.06129
Normal: 0.32852 0.595481 -0.733128
UV: 0.62207 0.935547

Position: 0.901635 1.09808 1.06129
Normal: 0.328546 0.595434 0.733154
UV: 0.312012 0.935547

Position: -0.999905 1.09808 -1.06129
Normal: -0.301142 0.592237 -0.747375
UV: 0.998535 0.935547

Position: 0.901635 1.09808 1.06129
Normal: 0.328546 0.595434 0.733154
UV: 0.998535 0.935547

Position: -0.933133 1.166 -0.993085
Normal: -0.114957 0.915545 -0.385438
UV: 0.312012 0.912109

Position: -1.14929 1.166 -0.775394
Normal: -0.156144 0.961529 -0.226011
UV: 0.359863 0.912109

Position: -1.38181 1.166 -0.694734
Normal: -0.285742 0.925787 -0.247526
UV: 0.384766 0.912109

Position: -1.38181 1.166 -1.88789e-07
Normal: -0.299359 0.954141 2.56552e-11
UV: 0.467285 0.912109

Position: -1.38181 1.166 0.694766
Normal: -0.285756 0.925761 0.24761
UV: 0.549805 0.912109

Position: -1.14929 1.166 0.775426
Normal: -0.156183 0.961512 0.226055
UV: 0.574219 0.912109

Position: -0.933133 1.166 0.993117
Normal: -0.114968 0.915499 0.385543
UV: 0.62207 0.912109

Position: 0.834023 1.166 0.993117
Normal: 0.128935 0.915038 0.382205
UV: 0.998535 0.912109

Position: 0.834023 1.166 0.993117
Normal: 0.128935 0.915038 0.382205
UV: 0.312012 0.912109

Position: 1.03894 1.166 0.750398
Normal: 0.163981 0.963336 0.212351
UV: 0.359863 0.912109

Position: 1.25471 1.166 0.669479
Normal: 0.291637 0.924924 0.243853
UV: 0.384766 0.912109

Position: 1.25471 1.166 -1.50642e-07
Normal: 0.301856 0.953354 1.32645e-10
UV: 0.467285 0.912109

Position: 1.25471 1.166 -0.669446
Normal: 0.291622 0.92495 -0.243769
UV: 0.549805 0.912109

Position: 1.03894 1.166 -0.750365
Normal: 0.163941 0.963352 -0.212313
UV: 0.574219 0.912109

Position: 0.834023 1.166 -0.993084
Normal: 0.128924 0.915084 -0.382099
UV: 0.62207 0.912109

Position: -0.933133 1.166 -0.993085
Normal: -0.114957 0.915545 -0.385438
UV: 0.998535 0.912109

Position: 0.81382 1.29611 -0.574663
Normal: -0.142622 0.67903 -0.720123
UV: 0.59375 0.227051

Position: 1.26113 0.9271 -0.574663
Normal: 0.533435 -0.0113742 -0.845765
UV: 0.587402 0.346191

Position: 1.35027 0.950265 -0.518753
Normal: 0.582599 -0.552975 -0.595648
UV: 0.603027 0.352539

Position: 1.48886 1.29226 0.459997
Normal: 0.714904 0.215854 0.665071
UV: 0.680176 0.307617

Position: 1.35027 0.950265 0.518753
Normal: 0.629028 -0.630493 0.454756
UV: 0.603027 0.352539

Position: 1.26113 0.9271 0.574663
Normal: 0.386205 -0.325308 0.863146
UV: 0.587402 0.346191

Position: 0.81382 1.29611 0.574663
Normal: -0.156841 0.680624 0.715648
UV: 0.59375 0.227051

Position: 1.2223 1.50987 0.461189
Normal: 0.165271 0.197154 0.966341
UV: 0.679688 0.236816

Position: 0.0302872 0.810711 -1.59614
Normal: 0.412275 -0.204507 -0.88781
UV: 0.574707 0.535156

Position: -0.834507 0.810711 -1.59614
Normal: -0.417502 -0.206541 -0.884892
UV: 0.452148 0.535156

Position: -0.857637 0.514287 -1.34777
Normal: -0.405216 -0.556111 -0.725631
UV: 0.449219 0.597656

Position: 0.0534177 0.514287 -1.34777
Normal: 0.396283 -0.571285 -0.718744
UV: 0.578125 0.597656

Position: -0.000680351 1.47516 -1.47052
Normal: 0.416233 0.514646 -0.749593
UV: 0.570313 0.407715

Position: -0.803539 1.47516 -1.47052
Normal: -0.417292 0.512268 -0.750632
UV: 0.456543 0.407715

Position: -0.0275087 1.79098 -0.976904
Normal: 0.371424 0.891208 -0.260369
UV: 0.566406 0.325195

Position: -0.776711 1.79098 -0.976904
Normal: -0.370384 0.891947 -0.259317
UV: 0.460449 0.325195

Position: -0.960794 1.21287 -0.457766
Normal: -0.633098 0.582835 -0.509402
UV: 0.45752 0.74707

Position: 1.07804 1.21287 -0.457766
Normal: 0.482611 0.132252 -0.865792
UV: 0.660645 0.74707

Position: 1.1318 1.30825 -0.413229
Normal: 0.796712 0.06303 -0.601064
UV: 0.666016 0.734375

Position: 0.63419 1.91809 -0.3312
Normal: 0.232159 0.612295 -0.755776
UV: 0.616211 0.652344

Position: 0.107981 1.91687 -0.331663
Normal: -0.000324493 0.586741 -0.809775
UV: 0.563965 0.652344

Position: -0.418228 1.91565 -0.332125
Normal: -0.410928 0.682792 -0.604097
UV: 0.511719 0.652832

Position: 0.63419 1.91809 0.3312
Normal: 0.228737 0.623267 0.747809
UV: 0.616211 0.652344

Position: 1.1318 1.30825 0.413229
Normal: 0.839985 0.0610161 0.539167
UV: 0.666016 0.734375

Position: 1.07804 1.21287 0.457766
Normal: 0.539275 -0.0333877 0.841468
UV: 0.660645 0.74707

Position: -0.960794 1.21287 0.457766
Normal: -0.635055 0.581374 0.508636
UV: 0.45752 0.74707

Position: 0.107981 1.91687 0.331662
Normal: -0.000147515 0.586283 0.810106
UV: 0.563965 0.652344

Position: -0.418228 1.91565 0.332125
Normal: -0.411141 0.682663 0.604098
UV: 0.511719 0.652832

Position: -0.418228 1.91565 -0.332125
Normal: -0.410928 0.682792 -0.604097
UV: 0.431641 0.399902

Position: -0.418228 1.91565 0.332125
Normal: -0.411141 0.682663 0.604098
UV: 0.345215 0.399902

Position: -0.960794 1.21287 0.457766
Normal: -0.635055 0.581374 0.508636
UV: 0.329102 0.216309

Position: -0.960794 1.21287 -0.457766
Normal: -0.633098 0.582835 -0.509402
UV: 0.448242 0.216309

Position: 0.88396 1.15479 -0.84729
Normal: 0.420005 0.52529 -0.740045
UV: 0.728516 0.89502

Position: 0.957327 1.15479 -0.766024
Normal: 0.730818 0.62163 -0.281924
UV: 0.741699 0.89502

Position: -1.3337 1.15479 -0.765585
Normal: -0.849096 0.409761 -0.333364
UV: 0.323242 0.89502

Position: -1.2659 1.15479 -0.84729
Normal: -0.427858 0.395679 -0.812635
UV: 0.335938 0.89502

Position: 0.957327 1.15479 -0.766024
Normal: 0.730818 0.62163 -0.281924
UV: 0.759766 0.319336


[INDEX_DATA]
0 2 1
3 5 4
6 8 7
9 11 10
12 14 13
15 13 14
13 15 16
17 16 15
16 17 18
19 18 17
20 22 21
21 24 23
24 21 22
23 26 25
26 23 24
27 29 28
16 30 13
30 16 31
13 32 12
32 13 30
12 33 14
33 12 32
14 34 15
34 14 33
15 35 17
35 15 34
17 36 19
36 17 35
19 37 18
37 19 36
18 31 16
38 40 39
22 41 24
41 22 42
20 42 22
42 20 43
21 43 20
43 21 44
23 44 21
44 23 45
25 45 23
45 25 46
47 46 25
46 47 48
26 48 47
48 26 49
24 49 26
49 24 41
50 52 51
53 55 54
56 58 57
59 61 60
62 64 63
65 63 64
63 65 66
67 66 65
66 67 68
69 68 67
70 72 71
71 74 73
74 71 72
73 76 75
76 73 74
77 75 76
66 78 63
78 66 79
63 80 62
80 63 78
62 81 64
81 62 80
64 82 65
82 64 81
67 83 69
83 67 84
69 85 68
85 69 83
68 79 66
79 68 85
72 86 74
86 72 87
70 87 72
87 70 88
71 88 70
88 71 89
73 89 71
89 73 90
75 90 73
90 75 91
77 91 75
91 77 92
76 92 77
92 76 93
74 93 76
93 74 86
94 96 95
97 99 98
100 102 101
103 105 104
106 108 107
108 106 109
110 109 106
109 110 111
112 111 110
111 112 113
114 113 112
113 114 115
116 115 114
115 116 117
118 117 116
117 118 119
120 119 118
119 120 121
107 121 120
121 107 108
122 124 123
124 122 125
123 127 126
127 123 124
126 129 128
129 126 127
128 131 130
131 128 129
130 133 132
133 130 131
132 135 134
135 132 133
134 137 136
137 134 135
136 125 122
125 136 137
111 113 109
109 115 108
115 109 113
108 117 121
117 108 115
119 121 117
127 124 129
125 129 124
129 125 131
137 131 125
131 137 133
135 133 137
138 140 139
141 143 142
144 146 145
147 149 148
150 152 151
152 150 153
154 153 150
153 154 155
156 155 154
155 156 157
158 157 156
157 158 159
160 159 158
159 160 161
162 161 160
161 162 163
164 163 162
163 164 165
151 165 164
165 151 152
166 168 167
168 166 169
167 171 170
171 167 168
170 173 172
173 170 171
172 175 174
175 172 173
174 177 176
177 174 175
176 179 178
179 176 177
178 181 180
181 178 179
180 169 166
169 180 181
155 157 153
153 159 152
159 153 157
152 161 165
161 152 159
163 165 161
171 168 173
169 173 168
173 169 175
181 175 169
175 181 177
179 177 181
182 184 183
184 182 185
186 188 187
188 186 189
190 192 191
192 190 193
194 196 195
196 194 197
194 195 198
199 196 197
200 186 201
186 200 189
192 203 202
203 192 193
204 206 205
206 204 207
208 210 209
210 208 211
212 214 213
215 217 216
218 220 219
220 218 221
222 224 223
224 222 225
221 226 220
226 221 227
225 228 224
228 225 229
229 219 228
219 229 218
230 232 231
232 230 233
226 219 220
234 236 235
236 234 237
238 240 239
240 238 241
242 237 234
237 242 243
244 241 238
241 244 245
235 245 244
245 235 236
246 248 247
248 246 249
242 234 235
250 252 251
252 250 253
254 256 255
256 254 257
253 258 252
258 253 259
260 255 261
255 260 254
259 262 258
262 259 263
264 261 265
261 264 260
263 266 262
266 263 267
268 265 269
265 268 264
270 272 271
272 270 273
271 275 274
275 271 272
274 277 276
277 274 275
278 280 279
280 278 281
282 284 283
284 282 285
284 286 283
286 284 287
279 289 288
289 279 280
290 285 282
285 290 291
185 293 292
293 185 182
294 296 295
296 294 297
296 184 295
184 296 183
292 299 298
299 292 293
300 297 294
297 300 301
298 303 302
303 298 299
288 305 304
305 288 289
306 308 307
308 306 309
310 312 311
312 310 313
314 307 315
307 314 312
315 307 308
311 312 314
316 318 317
318 316 319
320 322 321
322 320 323
317 321 322
321 317 318
324 326 325
326 324 327
328 330 329
330 328 331
320 332 323
333 319 316
322 334 317
334 322 335
312 306 307
306 312 313
336 338 337
338 336 339
340 342 341
342 340 343
344 339 336
339 344 345
341 347 346
347 341 342
348 345 344
345 348 349
346 351 350
351 346 347
266 349 348
349 266 267
350 268 269
268 350 351
211 353 352
353 211 354
355 357 356
357 355 204
358 360 359
360 358 361
362 209 210
209 362 363
364 205 206
205 364 365
363 365 364
365 363 362
355 207 204
208 354 211
359 367 366
367 359 368
369 371 370
371 369 372
371 373 370
374 372 369
375 4 0
4 375 376
375 6 376
6 375 10
5 377 2
377 5 378
379 381 380
381 379 382
383 382 379
382 383 384
385 387 386
387 385 388
389 388 385
388 389 390
11 391 8
391 11 392
393 0 1
0 393 375
9 375 393
375 9 10
376 3 4
3 376 394
6 394 376
394 6 7
4 2 0
2 4 5
10 8 6
8 10 11
5 395 378
395 5 3
1 377 396
377 1 2
397 391 392
391 397 398
377 395 396
395 377 378
391 7 8
7 391 398
397 11 9
11 397 392
399 401 400
401 399 402
403 402 399
402 403 404
405 404 403
404 405 406
407 406 405
406 407 408
409 408 407
408 409 410
411 410 409
410 411 412
413 414 412
414 413 415
416 415 413
415 416 417
418 417 416
417 418 419
420 419 418
419 420 421
422 421 420
421 422 423
401 423 422
423 401 424
402 424 401
424 402 425
404 425 402
425 404 426
406 426 404
426 406 427
408 427 406
427 408 428
410 428 408
428 410 429
412 429 410
429 412 414
430 432 431
432 430 433
434 433 430
433 434 435
436 435 434
435 436 437
438 437 436
437 438 439
440 439 438
439 440 441
442 441 440
441 442 443
444 443 442
443 444 445
445 431 432
431 445 444
446 448 447
449 447 448
447 449 450
451 450 449
450 451 452
453 452 451
452 453 454
455 454 453
454 455 456
457 456 455
415 458 414
458 415 459
417 459 415
459 417 460
419 460 417
460 419 461
421 461 419
461 421 462
423 462 421
462 423 463
424 463 423
463 424 464
425 464 424
464 425 465
426 465 425
465 426 466
427 466 426
466 427 467
428 467 427
467 428 468
429 468 428
468 429 469
414 469 429
469 414 458
470 412 411
412 470 413
471 413 470
413 471 416
472 416 471
416 472 418
473 418 472
418 473 420
474 420 473
420 474 422
400 422 474
422 400 401
475 60 61
60 475 476
477 58 56
58 477 478
55 51 52
51 55 53
61 57 58
57 61 59
479 53 54
53 479 480
56 480 479
480 56 57
481 50 51
50 481 482
59 482 481
482 59 60
483 485 484
485 483 486
487 486 483
486 487 488
489 491 490
491 489 492
493 492 489
492 493 494
495 52 496
52 495 55
475 58 478
58 475 61
53 481 51
481 53 480
57 481 480
481 57 59
497 495 496
495 497 498
475 477 476
477 475 478
495 54 55
54 495 498
497 52 50
52 497 496
499 501 500
501 499 502
503 502 499
502 503 504
505 504 503
504 505 506
507 506 505
506 507 508
509 508 507
508 509 510
511 510 509
510 511 512
513 514 512
514 513 515
516 515 513
515 516 517
518 517 516
517 518 519
520 519 518
519 520 521
522 521 520
521 522 523
501 523 522
523 501 524
502 524 501
524 502 525
504 525 502
525 504 526
506 526 504
526 506 527
508 527 506
527 508 528
510 528 508
528 510 529
512 529 510
529 512 514
65 84 67
84 65 82
530 532 531
532 530 533
534 533 530
533 534 535
536 535 534
535 536 537
538 537 536
537 538 539
540 539 538
539 540 541
542 541 540
541 542 543
544 543 542
543 544 545
545 531 532
531 545 544
546 548 547
549 547 548
547 549 550
551 550 549
550 551 552
553 552 551
552 553 554
555 554 553
554 555 556
557 556 555
515 558 514
558 515 559
517 559 515
559 517 560
519 560 517
560 519 561
521 561 519
561 521 562
523 562 521
562 523 563
524 563 523
563 524 564
525 564 524
564 525 565
526 565 525
565 526 566
527 566 526
566 527 567
528 567 527
567 528 568
529 568 528
568 529 569
514 569 529
569 514 558
570 512 511
512 570 513
571 513 570
513 571 516
572 516 571
516 572 518
573 518 572
518 573 520
574 520 573
520 574 522
500 522 574
522 500 501
100 575 104
575 100 576
98 575 576
575 98 94
99 577 96
577 99 578
579 581 580
581 579 582
583 582 579
582 583 584
585 587 586
587 585 588
589 588 585
588 589 590
105 591 102
591 105 592
593 94 95
94 593 575
103 575 593
575 103 104
576 97 98
97 576 594
100 594 576
594 100 101
98 96 94
96 98 99
104 102 100
102 104 105
99 595 578
595 99 97
95 577 596
577 95 96
105 597 592
597 105 103
101 591 598
591 101 102
595 577 578
577 595 596
591 597 598
597 591 592
599 601 600
601 599 602
603 602 599
602 603 604
605 604 603
604 605 606
607 606 605
606 607 608
609 608 607
608 609 610
611 610 609
610 611 612
613 600 601
600 613 614
615 614 613
614 615 616
617 616 615
616 617 618
619 618 617
618 619 620
621 620 619
620 621 622
612 622 621
622 612 611
609 623 611
623 609 624
607 624 609
624 607 625
605 625 607
625 605 626
603 626 605
626 603 627
599 627 603
627 599 628
600 628 599
628 600 629
614 629 600
629 614 630
616 630 614
630 616 631
618 631 616
631 618 632
620 632 618
632 620 633
622 633 620
633 622 634
611 634 622
634 611 623
635 612 636
612 635 610
637 610 635
610 637 608
638 608 637
608 638 606
639 606 638
606 639 604
640 604 639
604 640 602
641 602 640
602 641 601
642 601 641
601 642 613
643 613 642
613 643 615
644 615 643
615 644 617
645 617 644
617 645 619
646 619 645
619 646 621
636 621 646
621 636 612
647 649 648
650 648 649
648 650 651
652 651 650
651 652 653
654 653 652
653 654 655
656 655 654
655 656 657
658 657 656
659 661 660
661 659 662
663 662 659
662 663 664
665 664 663
664 665 666
667 666 665
666 667 668
669 668 667
668 669 670
671 670 669
670 671 672
673 672 671
672 673 674
674 660 661
660 674 673
144 675 148
675 144 676
142 675 676
675 142 138
143 677 140
677 143 678
679 681 680
681 679 682
683 682 679
682 683 684
685 687 686
687 685 688
689 688 685
688 689 690
149 691 146
691 149 692
693 138 139
138 693 675
147 675 693
675 147 148
676 141 142
141 676 694
144 694 676
694 144 145
142 140 138
140 142 143
148 146 144
146 148 149
143 695 678
695 143 141
139 677 696
677 139 140
149 697 692
697 149 147
145 691 698
691 145 146
695 677 678
677 695 696
691 697 698
697 691 692
699 701 700
701 699 702
703 702 699
702 703 704
705 704 703
704 705 706
707 706 705
706 707 708
709 708 707
708 709 710
711 710 709
710 711 712
713 712 711
712 713 714
715 714 713
714 715 716
717 716 715
716 717 718
719 718 717
718 719 720
721 720 719
720 721 722
700 722 721
722 700 701
702 723 701
723 702 724
704 724 702
724 704 725
706 725 704
725 706 726
708 726 706
726 708 727
710 727 708
727 710 728
712 728 710
728 712 729
714 729 712
729 714 730
716 730 714
730 716 731
718 731 716
731 718 732
720 732 718
732 720 733
722 733 720
733 722 734
701 734 722
734 701 723
735 700 736
700 735 699
737 699 735
699 737 703
738 703 737
703 738 705
739 705 738
705 739 707
740 707 739
707 740 709
741 709 740
709 741 711
742 711 741
711 742 713
743 713 742
713 743 715
744 715 743
715 744 717
745 717 744
717 745 719
746 719 745
719 746 721
736 721 746
721 736 700
747 749 748
750 748 749
748 750 751
752 751 750
751 752 753
754 753 752
753 754 755
756 755 754
755 756 757
758 757 756
759 761 760
761 759 762
763 762 759
762 763 764
765 764 763
764 765 766
767 766 765
766 767 768
769 768 767
768 769 770
771 770 769
770 771 772
773 772 771
772 773 774
774 760 761
760 774 773
281 286 287
286 281 278
775 286 278
286 775 776
777 286 776
286 777 283
778 184 185
184 778 779
780 184 779
184 780 295
781 783 782
783 781 784
784 785 783
785 784 786
787 785 786
785 787 788
789 788 787
788 789 790
791 790 789
790 791 792
793 790 792
790 793 794
794 788 790
788 794 795
795 785 788
785 795 796
797 785 796
785 797 783
798 783 797
783 798 782
191 800 799
800 191 192
189 190 188
190 189 193
801 195 802
195 801 198
803 199 804
199 803 196
803 195 196
195 803 802
187 805 186
805 187 806
800 202 807
202 800 192
203 189 200
189 203 193
207 209 206
209 207 208
223 219 226
224 219 223
219 224 228
808 810 809
810 808 811
812 233 230
233 812 813
814 231 232
231 814 815
808 812 811
812 808 813
239 242 235
235 238 239
238 235 244
816 818 817
818 816 819
249 820 248
820 249 821
247 822 246
822 247 823
820 818 819
818 820 821
258 251 252
251 258 262
262 824 251
824 262 266
255 265 261
265 255 256
256 269 265
269 256 825
826 828 827
828 826 829
827 831 830
831 827 828
830 833 832
833 830 831
833 834 832
834 833 835
276 271 274
271 276 270
836 838 837
838 836 839
840 837 841
837 840 836
841 842 840
842 841 843
775 279 844
279 775 278
845 283 777
283 845 282
844 288 846
288 844 279
847 282 845
282 847 290
778 292 848
292 778 185
849 295 780
295 849 294
848 298 850
298 848 292
851 294 849
294 851 300
850 302 852
302 850 298
846 304 853
304 846 288
845 854 847
854 845 855
777 855 845
855 777 856
776 856 777
856 776 857
776 858 857
858 776 775
844 858 775
858 844 859
846 859 844
859 846 860
853 860 846
860 853 861
849 862 851
862 849 863
780 863 849
863 780 864
779 864 780
864 779 865
779 866 865
866 779 778
848 866 778
866 848 867
850 867 848
867 850 868
852 868 850
868 852 869
319 332 320
332 319 333
870 872 871
872 870 327
327 870 326
873 875 874
875 873 876
877 876 873
320 318 319
318 320 321
325 331 324
331 325 330
337 344 336
344 337 348
824 348 337
348 824 266
350 341 346
341 350 340
269 340 350
340 269 825
878 880 879
880 878 881
882 879 883
879 882 878
884 883 885
883 884 882
834 884 885
884 834 835
354 207 355
207 354 208
886 888 887
888 886 889
889 886 890
890 886 891
892 894 893
894 892 895
896 895 892
897 895 896
898 900 899
900 898 901
355 353 354
353 355 356
363 206 209
206 363 364
370 903 902
903 370 373
374 905 904
905 374 369
370 905 369
905 370 902
805 201 186
201 805 906

